Epoch, Train Loss, Valid Loss, Test Loss
1, 0.506228, 0.542094, 0.543737
2, 0.435576, 0.475899, 0.478205
3, 0.381627, 0.417420, 0.420607
4, 0.341394, 0.369304, 0.373069
5, 0.310812, 0.331189, 0.335479
6, 0.286942, 0.306871, 0.311232
7, 0.270729, 0.287018, 0.291379
8, 0.256224, 0.269672, 0.273922
9, 0.242273, 0.252426, 0.256317
10, 0.227622, 0.235458, 0.239023
11, 0.212766, 0.218932, 0.222156
12, 0.197808, 0.202907, 0.205743
13, 0.182968, 0.188096, 0.190581
14, 0.169086, 0.174050, 0.176255
15, 0.156074, 0.160492, 0.162465
16, 0.143689, 0.147576, 0.149348
17, 0.131968, 0.135183, 0.136775
18, 0.120794, 0.123099, 0.124537
19, 0.109994, 0.111266, 0.112584
20, 0.099514, 0.099798, 0.101022
21, 0.089434, 0.088876, 0.090019
22, 0.079872, 0.078713, 0.079780
23, 0.070952, 0.069485, 0.070474
24, 0.062799, 0.061232, 0.062137
25, 0.055471, 0.053908, 0.054733
26, 0.048951, 0.047454, 0.048209
27, 0.043175, 0.041810, 0.042505
28, 0.038097, 0.036917, 0.037558
29, 0.033668, 0.032642, 0.033234
30, 0.029789, 0.028841, 0.029390
31, 0.026390, 0.025470, 0.025980
32, 0.023352, 0.022520, 0.022994
33, 0.020735, 0.019980, 0.020420
34, 0.018446, 0.017802, 0.018212
35, 0.016487, 0.015947, 0.016330
36, 0.014823, 0.014372, 0.014732
37, 0.013408, 0.013043, 0.013386
38, 0.012218, 0.011915, 0.012244
39, 0.011201, 0.010948, 0.011264
40, 0.010322, 0.010097, 0.010401
41, 0.009543, 0.009324, 0.009616
42, 0.008862, 0.008605, 0.008888
43, 0.008227, 0.007966, 0.008239
44, 0.007668, 0.007393, 0.007654
45, 0.007163, 0.006878, 0.007128
46, 0.006709, 0.006414, 0.006655
47, 0.006316, 0.005996, 0.006230
48, 0.005962, 0.005629, 0.005857
49, 0.005655, 0.005315, 0.005538
50, 0.005388, 0.005052, 0.005268
51, 0.005158, 0.004826, 0.005034
52, 0.004947, 0.004621, 0.004822
53, 0.004755, 0.004436, 0.004629
54, 0.004589, 0.004267, 0.004453
55, 0.004439, 0.004119, 0.004299
56, 0.004300, 0.003988, 0.004162
57, 0.004179, 0.003867, 0.004037
58, 0.004074, 0.003762, 0.003927
59, 0.003984, 0.003678, 0.003838
60, 0.003911, 0.003609, 0.003764
61, 0.003841, 0.003544, 0.003695
62, 0.003776, 0.003477, 0.003624
63, 0.003727, 0.003413, 0.003556
64, 0.003678, 0.003351, 0.003489
65, 0.003629, 0.003302, 0.003436
66, 0.003580, 0.003257, 0.003387
67, 0.003529, 0.003219, 0.003346
68, 0.003506, 0.003174, 0.003297
69, 0.003466, 0.003134, 0.003254
70, 0.003445, 0.003102, 0.003219
71, 0.003407, 0.003081, 0.003195
72, 0.003380, 0.003058, 0.003169
73, 0.003362, 0.003033, 0.003141
74, 0.003339, 0.003008, 0.003113
75, 0.003322, 0.002985, 0.003087
76, 0.003297, 0.002967, 0.003067
77, 0.003287, 0.002954, 0.003050
78, 0.003271, 0.002945, 0.003038
79, 0.003256, 0.002932, 0.003022
80, 0.003239, 0.002914, 0.003002
81, 0.003229, 0.002897, 0.002983
82, 0.003218, 0.002882, 0.002966
83, 0.003209, 0.002877, 0.002959
84, 0.003194, 0.002878, 0.002957
85, 0.003192, 0.002868, 0.002943
86, 0.003177, 0.002856, 0.002930
87, 0.003168, 0.002844, 0.002915
88, 0.003161, 0.002833, 0.002904
89, 0.003153, 0.002828, 0.002896
90, 0.003151, 0.002820, 0.002887
91, 0.003136, 0.002811, 0.002876
92, 0.003135, 0.002809, 0.002870
93, 0.003135, 0.002809, 0.002867
94, 0.003122, 0.002804, 0.002860
95, 0.003115, 0.002797, 0.002852
96, 0.003103, 0.002789, 0.002843
97, 0.003104, 0.002781, 0.002833
98, 0.003099, 0.002776, 0.002826
99, 0.003088, 0.002779, 0.002826
100, 0.003089, 0.002780, 0.002827
101, 0.003084, 0.002777, 0.002823
102, 0.003072, 0.002768, 0.002812
103, 0.003072, 0.002758, 0.002802
104, 0.003071, 0.002755, 0.002797
105, 0.003062, 0.002759, 0.002798
106, 0.003057, 0.002762, 0.002800
107, 0.003058, 0.002757, 0.002794
108, 0.003047, 0.002749, 0.002785
109, 0.003042, 0.002742, 0.002776
110, 0.003042, 0.002742, 0.002774
111, 0.003040, 0.002745, 0.002776
112, 0.003041, 0.002740, 0.002770
113, 0.003031, 0.002735, 0.002764
114, 0.003028, 0.002731, 0.002759
115, 0.003032, 0.002730, 0.002758
116, 0.003013, 0.002730, 0.002756
117, 0.003012, 0.002726, 0.002751
118, 0.003009, 0.002722, 0.002747
119, 0.003009, 0.002723, 0.002747
120, 0.003007, 0.002722, 0.002746
121, 0.003000, 0.002720, 0.002742
122, 0.003002, 0.002718, 0.002738
123, 0.003000, 0.002716, 0.002735
124, 0.002995, 0.002713, 0.002731
125, 0.002993, 0.002714, 0.002731
126, 0.002988, 0.002712, 0.002729
127, 0.002985, 0.002703, 0.002719
128, 0.002986, 0.002700, 0.002716
129, 0.002984, 0.002701, 0.002716
130, 0.002977, 0.002707, 0.002720
131, 0.002976, 0.002706, 0.002718
132, 0.002968, 0.002701, 0.002713
133, 0.002963, 0.002696, 0.002707
134, 0.002961, 0.002694, 0.002705
135, 0.002955, 0.002694, 0.002704
136, 0.002959, 0.002693, 0.002702
137, 0.002958, 0.002695, 0.002703
138, 0.002950, 0.002692, 0.002699
139, 0.002948, 0.002691, 0.002697
140, 0.002941, 0.002685, 0.002691
141, 0.002937, 0.002684, 0.002690
142, 0.002933, 0.002683, 0.002688
143, 0.002930, 0.002684, 0.002689
144, 0.002931, 0.002684, 0.002689
145, 0.002927, 0.002686, 0.002689
146, 0.002921, 0.002682, 0.002685
147, 0.002923, 0.002678, 0.002680
148, 0.002914, 0.002674, 0.002676
149, 0.002924, 0.002671, 0.002674
150, 0.002914, 0.002671, 0.002673
151, 0.002908, 0.002673, 0.002674
152, 0.002909, 0.002672, 0.002672
153, 0.002900, 0.002672, 0.002671
154, 0.002907, 0.002669, 0.002668
155, 0.002901, 0.002667, 0.002666
156, 0.002897, 0.002667, 0.002666
157, 0.002895, 0.002668, 0.002665
158, 0.002890, 0.002666, 0.002663
159, 0.002890, 0.002667, 0.002663
160, 0.002887, 0.002662, 0.002658
161, 0.002885, 0.002663, 0.002659
162, 0.002875, 0.002660, 0.002655
163, 0.002882, 0.002658, 0.002652
164, 0.002876, 0.002656, 0.002651
165, 0.002871, 0.002657, 0.002651
166, 0.002873, 0.002658, 0.002651
167, 0.002864, 0.002659, 0.002652
168, 0.002866, 0.002657, 0.002649
169, 0.002860, 0.002654, 0.002646
170, 0.002867, 0.002651, 0.002643
171, 0.002861, 0.002651, 0.002642
172, 0.002856, 0.002648, 0.002639
173, 0.002850, 0.002648, 0.002639
174, 0.002853, 0.002648, 0.002638
175, 0.002848, 0.002646, 0.002637
176, 0.002847, 0.002646, 0.002636
177, 0.002839, 0.002646, 0.002635
178, 0.002842, 0.002644, 0.002634
179, 0.002837, 0.002645, 0.002634
180, 0.002833, 0.002643, 0.002632
181, 0.002835, 0.002642, 0.002631
182, 0.002827, 0.002640, 0.002629
183, 0.002827, 0.002637, 0.002625
184, 0.002825, 0.002636, 0.002623
185, 0.002822, 0.002636, 0.002623
186, 0.002820, 0.002639, 0.002625
187, 0.002820, 0.002636, 0.002623
188, 0.002813, 0.002636, 0.002622
189, 0.002814, 0.002633, 0.002618
190, 0.002814, 0.002635, 0.002620
191, 0.002808, 0.002632, 0.002618
192, 0.002806, 0.002630, 0.002616
193, 0.002801, 0.002627, 0.002613
194, 0.002799, 0.002624, 0.002609
195, 0.002798, 0.002625, 0.002609
196, 0.002798, 0.002625, 0.002609
197, 0.002799, 0.002625, 0.002610
198, 0.002794, 0.002623, 0.002607
199, 0.002785, 0.002620, 0.002604
200, 0.002787, 0.002618, 0.002602
201, 0.002781, 0.002619, 0.002602
202, 0.002780, 0.002621, 0.002604
203, 0.002782, 0.002621, 0.002604
204, 0.002774, 0.002617, 0.002599
205, 0.002781, 0.002614, 0.002595
206, 0.002776, 0.002612, 0.002593
207, 0.002772, 0.002611, 0.002593
208, 0.002769, 0.002611, 0.002594
209, 0.002768, 0.002610, 0.002592
