Epoch, Train Loss, Valid Loss, Test Loss
1, 0.473362, 0.542083, 0.543728
2, 0.407449, 0.475900, 0.478207
3, 0.357095, 0.417455, 0.420637
4, 0.319469, 0.369311, 0.373068
5, 0.290876, 0.331166, 0.335452
6, 0.268545, 0.306821, 0.311176
7, 0.253354, 0.286934, 0.291289
8, 0.239748, 0.269547, 0.273793
9, 0.226642, 0.252271, 0.256157
10, 0.212878, 0.235283, 0.238841
11, 0.198926, 0.218754, 0.221971
12, 0.184891, 0.202739, 0.205568
13, 0.170975, 0.187946, 0.190423
14, 0.157964, 0.173921, 0.176118
15, 0.145776, 0.160376, 0.162342
16, 0.134178, 0.147468, 0.149233
17, 0.123210, 0.135073, 0.136659
18, 0.112753, 0.122979, 0.124412
19, 0.102647, 0.111133, 0.112446
20, 0.092844, 0.099656, 0.100876
21, 0.083422, 0.088733, 0.089873
22, 0.074490, 0.078574, 0.079639
23, 0.066164, 0.069355, 0.070342
24, 0.058558, 0.061113, 0.062018
25, 0.051726, 0.053803, 0.054627
26, 0.045650, 0.047363, 0.048118
27, 0.040271, 0.041734, 0.042429
28, 0.035544, 0.036855, 0.037496
29, 0.031422, 0.032593, 0.033185
30, 0.027813, 0.028804, 0.029353
31, 0.024651, 0.025441, 0.025951
32, 0.021825, 0.022498, 0.022971
33, 0.019389, 0.019964, 0.020404
34, 0.017260, 0.017792, 0.018202
35, 0.015437, 0.015941, 0.016324
36, 0.013890, 0.014369, 0.014730
37, 0.012573, 0.013042, 0.013386
38, 0.011467, 0.011917, 0.012246
39, 0.010521, 0.010950, 0.011267
40, 0.009703, 0.010100, 0.010405
41, 0.008977, 0.009328, 0.009622
42, 0.008343, 0.008610, 0.008894
43, 0.007752, 0.007971, 0.008245
44, 0.007231, 0.007399, 0.007661
45, 0.006761, 0.006884, 0.007136
46, 0.006337, 0.006420, 0.006663
47, 0.005971, 0.006003, 0.006238
48, 0.005641, 0.005636, 0.005865
49, 0.005355, 0.005321, 0.005545
50, 0.005106, 0.005057, 0.005275
51, 0.004891, 0.004831, 0.005040
52, 0.004694, 0.004626, 0.004827
53, 0.004515, 0.004441, 0.004635
54, 0.004360, 0.004271, 0.004458
55, 0.004220, 0.004123, 0.004303
56, 0.004090, 0.003991, 0.004167
57, 0.003977, 0.003870, 0.004041
58, 0.003878, 0.003765, 0.003931
59, 0.003795, 0.003680, 0.003841
60, 0.003727, 0.003611, 0.003767
61, 0.003661, 0.003546, 0.003697
62, 0.003600, 0.003479, 0.003626
63, 0.003554, 0.003414, 0.003558
64, 0.003509, 0.003353, 0.003492
65, 0.003464, 0.003303, 0.003438
66, 0.003417, 0.003259, 0.003390
67, 0.003370, 0.003221, 0.003348
68, 0.003349, 0.003175, 0.003299
69, 0.003311, 0.003135, 0.003256
70, 0.003291, 0.003103, 0.003220
71, 0.003257, 0.003083, 0.003197
72, 0.003231, 0.003059, 0.003170
73, 0.003214, 0.003034, 0.003142
74, 0.003193, 0.003009, 0.003114
75, 0.003177, 0.002986, 0.003089
76, 0.003153, 0.002968, 0.003068
77, 0.003145, 0.002955, 0.003052
78, 0.003130, 0.002946, 0.003039
79, 0.003115, 0.002932, 0.003023
80, 0.003099, 0.002915, 0.003004
81, 0.003090, 0.002898, 0.002984
82, 0.003080, 0.002883, 0.002968
83, 0.003072, 0.002878, 0.002960
84, 0.003057, 0.002879, 0.002958
85, 0.003056, 0.002868, 0.002945
86, 0.003041, 0.002857, 0.002931
87, 0.003033, 0.002845, 0.002917
88, 0.003027, 0.002834, 0.002905
89, 0.003020, 0.002829, 0.002898
90, 0.003017, 0.002821, 0.002888
91, 0.003003, 0.002812, 0.002877
92, 0.003002, 0.002810, 0.002872
93, 0.003002, 0.002810, 0.002868
94, 0.002991, 0.002805, 0.002862
95, 0.002984, 0.002798, 0.002853
96, 0.002972, 0.002791, 0.002844
97, 0.002974, 0.002782, 0.002834
98, 0.002968, 0.002777, 0.002827
99, 0.002958, 0.002780, 0.002828
100, 0.002960, 0.002781, 0.002828
101, 0.002955, 0.002778, 0.002824
102, 0.002943, 0.002769, 0.002814
103, 0.002944, 0.002759, 0.002803
104, 0.002942, 0.002757, 0.002798
105, 0.002934, 0.002760, 0.002799
106, 0.002929, 0.002763, 0.002801
107, 0.002930, 0.002758, 0.002795
108, 0.002920, 0.002750, 0.002786
109, 0.002916, 0.002743, 0.002777
110, 0.002916, 0.002743, 0.002775
111, 0.002913, 0.002746, 0.002778
112, 0.002914, 0.002741, 0.002771
113, 0.002905, 0.002736, 0.002766
114, 0.002903, 0.002732, 0.002761
115, 0.002906, 0.002731, 0.002759
116, 0.002888, 0.002731, 0.002758
117, 0.002888, 0.002727, 0.002753
118, 0.002885, 0.002723, 0.002748
119, 0.002885, 0.002724, 0.002748
120, 0.002883, 0.002723, 0.002747
121, 0.002877, 0.002721, 0.002744
122, 0.002878, 0.002719, 0.002740
123, 0.002876, 0.002717, 0.002737
124, 0.002872, 0.002714, 0.002733
125, 0.002870, 0.002715, 0.002733
126, 0.002865, 0.002714, 0.002731
127, 0.002863, 0.002704, 0.002721
128, 0.002863, 0.002701, 0.002718
129, 0.002861, 0.002702, 0.002718
130, 0.002855, 0.002708, 0.002722
131, 0.002854, 0.002707, 0.002719
132, 0.002846, 0.002702, 0.002714
133, 0.002842, 0.002697, 0.002709
134, 0.002840, 0.002695, 0.002707
135, 0.002834, 0.002695, 0.002705
136, 0.002838, 0.002694, 0.002703
137, 0.002837, 0.002696, 0.002704
138, 0.002830, 0.002693, 0.002701
139, 0.002828, 0.002692, 0.002699
140, 0.002822, 0.002686, 0.002693
141, 0.002818, 0.002685, 0.002691
142, 0.002814, 0.002684, 0.002690
143, 0.002811, 0.002685, 0.002690
144, 0.002812, 0.002686, 0.002691
145, 0.002808, 0.002687, 0.002691
146, 0.002803, 0.002684, 0.002686
147, 0.002804, 0.002679, 0.002682
148, 0.002796, 0.002675, 0.002677
149, 0.002805, 0.002672, 0.002675
150, 0.002796, 0.002672, 0.002674
151, 0.002790, 0.002674, 0.002675
152, 0.002792, 0.002673, 0.002673
153, 0.002782, 0.002673, 0.002672
154, 0.002790, 0.002670, 0.002669
155, 0.002783, 0.002668, 0.002668
156, 0.002780, 0.002668, 0.002667
157, 0.002778, 0.002669, 0.002667
158, 0.002774, 0.002667, 0.002664
159, 0.002773, 0.002669, 0.002665
160, 0.002771, 0.002664, 0.002660
161, 0.002769, 0.002664, 0.002661
162, 0.002760, 0.002661, 0.002656
163, 0.002766, 0.002659, 0.002654
164, 0.002760, 0.002658, 0.002652
165, 0.002756, 0.002658, 0.002652
166, 0.002757, 0.002659, 0.002652
167, 0.002749, 0.002660, 0.002653
168, 0.002751, 0.002658, 0.002651
169, 0.002745, 0.002655, 0.002648
170, 0.002752, 0.002653, 0.002644
171, 0.002746, 0.002652, 0.002644
172, 0.002742, 0.002649, 0.002641
173, 0.002736, 0.002649, 0.002640
174, 0.002739, 0.002649, 0.002640
175, 0.002734, 0.002647, 0.002638
176, 0.002734, 0.002648, 0.002638
177, 0.002726, 0.002647, 0.002637
178, 0.002729, 0.002645, 0.002635
179, 0.002724, 0.002646, 0.002635
180, 0.002720, 0.002644, 0.002633
181, 0.002722, 0.002643, 0.002632
182, 0.002715, 0.002641, 0.002630
183, 0.002714, 0.002638, 0.002626
184, 0.002713, 0.002637, 0.002624
185, 0.002710, 0.002638, 0.002624
186, 0.002708, 0.002640, 0.002627
187, 0.002709, 0.002637, 0.002624
188, 0.002702, 0.002637, 0.002624
189, 0.002703, 0.002634, 0.002620
190, 0.002703, 0.002636, 0.002621
191, 0.002697, 0.002634, 0.002619
192, 0.002695, 0.002631, 0.002617
193, 0.002691, 0.002628, 0.002614
194, 0.002688, 0.002625, 0.002611
195, 0.002687, 0.002626, 0.002610
196, 0.002688, 0.002626, 0.002611
197, 0.002688, 0.002627, 0.002611
198, 0.002684, 0.002624, 0.002608
199, 0.002676, 0.002621, 0.002605
200, 0.002677, 0.002620, 0.002603
201, 0.002672, 0.002620, 0.002604
202, 0.002671, 0.002622, 0.002606
203, 0.002672, 0.002622, 0.002605
204, 0.002666, 0.002618, 0.002601
205, 0.002672, 0.002615, 0.002597
206, 0.002667, 0.002613, 0.002595
207, 0.002663, 0.002612, 0.002594
208, 0.002661, 0.002612, 0.002595
209, 0.002660, 0.002611, 0.002594
210, 0.002653, 0.002610, 0.002592
211, 0.002656, 0.002609, 0.002590
212, 0.002655, 0.002610, 0.002591
213, 0.002653, 0.002609, 0.002590
214, 0.002645, 0.002606, 0.002588
215, 0.002650, 0.002603, 0.002585
216, 0.002645, 0.002603, 0.002584
217, 0.002643, 0.002602, 0.002582
218, 0.002644, 0.002602, 0.002582
219, 0.002638, 0.002600, 0.002580
220, 0.002636, 0.002598, 0.002579
221, 0.002636, 0.002596, 0.002577
222, 0.002636, 0.002595, 0.002575
223, 0.002632, 0.002594, 0.002574
224, 0.002630, 0.002594, 0.002573
225, 0.002626, 0.002593, 0.002572
226, 0.002622, 0.002591, 0.002571
227, 0.002623, 0.002589, 0.002569
228, 0.002624, 0.002587, 0.002567
229, 0.002618, 0.002587, 0.002566
230, 0.002616, 0.002587, 0.002565
231, 0.002615, 0.002584, 0.002563
232, 0.002612, 0.002583, 0.002562
233, 0.002610, 0.002582, 0.002560
234, 0.002609, 0.002582, 0.002560
235, 0.002609, 0.002579, 0.002557
236, 0.002607, 0.002577, 0.002555
237, 0.002608, 0.002575, 0.002554
238, 0.002604, 0.002574, 0.002553
239, 0.002599, 0.002575, 0.002552
240, 0.002602, 0.002572, 0.002550
241, 0.002595, 0.002569, 0.002547
242, 0.002595, 0.002566, 0.002544
243, 0.002595, 0.002565, 0.002542
244, 0.002590, 0.002565, 0.002541
245, 0.002588, 0.002564, 0.002541
246, 0.002587, 0.002563, 0.002540
247, 0.002582, 0.002561, 0.002537
248, 0.002580, 0.002558, 0.002534
249, 0.002583, 0.002556, 0.002532
250, 0.002577, 0.002554, 0.002531
251, 0.002576, 0.002554, 0.002531
252, 0.002574, 0.002553, 0.002530
253, 0.002574, 0.002551, 0.002527
254, 0.002578, 0.002549, 0.002525
255, 0.002568, 0.002546, 0.002522
256, 0.002568, 0.002545, 0.002521
257, 0.002567, 0.002545, 0.002521
258, 0.002561, 0.002544, 0.002520
259, 0.002564, 0.002542, 0.002517
260, 0.002559, 0.002538, 0.002513
261, 0.002556, 0.002535, 0.002511
262, 0.002554, 0.002535, 0.002510
263, 0.002553, 0.002534, 0.002509
264, 0.002553, 0.002533, 0.002508
265, 0.002547, 0.002530, 0.002505
266, 0.002548, 0.002526, 0.002502
267, 0.002545, 0.002524, 0.002498
268, 0.002545, 0.002524, 0.002498
269, 0.002540, 0.002524, 0.002498
270, 0.002539, 0.002522, 0.002497
271, 0.002540, 0.002520, 0.002494
272, 0.002537, 0.002517, 0.002491
273, 0.002533, 0.002515, 0.002488
274, 0.002533, 0.002512, 0.002485
275, 0.002527, 0.002512, 0.002486
276, 0.002524, 0.002512, 0.002486
277, 0.002526, 0.002509, 0.002483
278, 0.002523, 0.002508, 0.002480
279, 0.002523, 0.002505, 0.002478
280, 0.002518, 0.002503, 0.002476
281, 0.002520, 0.002500, 0.002473
282, 0.002519, 0.002500, 0.002473
283, 0.002517, 0.002499, 0.002472
284, 0.002516, 0.002500, 0.002472
285, 0.002512, 0.002496, 0.002469
286, 0.002511, 0.002493, 0.002466
287, 0.002510, 0.002489, 0.002462
288, 0.002503, 0.002489, 0.002462
289, 0.002505, 0.002489, 0.002462
290, 0.002505, 0.002486, 0.002458
291, 0.002503, 0.002487, 0.002459
292, 0.002497, 0.002488, 0.002461
293, 0.002499, 0.002484, 0.002456
294, 0.002499, 0.002480, 0.002452
295, 0.002496, 0.002480, 0.002452
296, 0.002491, 0.002481, 0.002454
297, 0.002494, 0.002480, 0.002452
298, 0.002492, 0.002476, 0.002447
299, 0.002486, 0.002474, 0.002445
300, 0.002488, 0.002475, 0.002446
301, 0.002489, 0.002473, 0.002444
302, 0.002485, 0.002471, 0.002443
303, 0.002483, 0.002473, 0.002444
304, 0.002487, 0.002472, 0.002443
305, 0.002484, 0.002468, 0.002439
306, 0.002481, 0.002465, 0.002436
307, 0.002478, 0.002468, 0.002439
308, 0.002479, 0.002465, 0.002436
309, 0.002477, 0.002462, 0.002434
310, 0.002473, 0.002463, 0.002435
311, 0.002475, 0.002464, 0.002436
312, 0.002473, 0.002462, 0.002433
313, 0.002472, 0.002461, 0.002433
314, 0.002471, 0.002460, 0.002432
315, 0.002469, 0.002459, 0.002431
316, 0.002469, 0.002458, 0.002429
317, 0.002465, 0.002455, 0.002427
318, 0.002468, 0.002455, 0.002426
319, 0.002466, 0.002456, 0.002427
320, 0.002467, 0.002455, 0.002426
321, 0.002466, 0.002452, 0.002423
322, 0.002463, 0.002455, 0.002426
323, 0.002465, 0.002457, 0.002428
324, 0.002464, 0.002452, 0.002423
325, 0.002461, 0.002450, 0.002420
326, 0.002459, 0.002449, 0.002419
327, 0.002459, 0.002448, 0.002419
328, 0.002455, 0.002448, 0.002419
329, 0.002459, 0.002449, 0.002419
330, 0.002458, 0.002447, 0.002418
331, 0.002455, 0.002449, 0.002419
332, 0.002456, 0.002447, 0.002418
333, 0.002454, 0.002447, 0.002418
334, 0.002453, 0.002444, 0.002415
335, 0.002450, 0.002443, 0.002414
336, 0.002450, 0.002448, 0.002419
337, 0.002451, 0.002445, 0.002416
338, 0.002452, 0.002438, 0.002410
339, 0.002450, 0.002441, 0.002412
340, 0.002450, 0.002444, 0.002416
341, 0.002448, 0.002439, 0.002411
342, 0.002445, 0.002440, 0.002411
343, 0.002448, 0.002446, 0.002416
344, 0.002443, 0.002437, 0.002408
345, 0.002442, 0.002434, 0.002404
346, 0.002444, 0.002440, 0.002410
347, 0.002443, 0.002440, 0.002410
348, 0.002442, 0.002435, 0.002406
349, 0.002446, 0.002437, 0.002407
350, 0.002442, 0.002438, 0.002408
351, 0.002440, 0.002432, 0.002403
352, 0.002442, 0.002433, 0.002404
353, 0.002439, 0.002434, 0.002405
354, 0.002439, 0.002432, 0.002403
355, 0.002440, 0.002431, 0.002402
356, 0.002438, 0.002434, 0.002404
357, 0.002438, 0.002429, 0.002400
358, 0.002435, 0.002429, 0.002399
359, 0.002434, 0.002431, 0.002401
360, 0.002436, 0.002435, 0.002404
361, 0.002436, 0.002427, 0.002398
362, 0.002436, 0.002426, 0.002396
363, 0.002435, 0.002429, 0.002399
364, 0.002430, 0.002427, 0.002397
365, 0.002433, 0.002423, 0.002394
366, 0.002433, 0.002426, 0.002396
367, 0.002429, 0.002426, 0.002397
368, 0.002428, 0.002423, 0.002393
369, 0.002430, 0.002423, 0.002394
370, 0.002429, 0.002426, 0.002395
371, 0.002430, 0.002423, 0.002393
372, 0.002432, 0.002421, 0.002392
373, 0.002428, 0.002424, 0.002394
374, 0.002427, 0.002420, 0.002391
375, 0.002426, 0.002421, 0.002391
376, 0.002425, 0.002424, 0.002394
377, 0.002426, 0.002420, 0.002390
378, 0.002427, 0.002420, 0.002390
379, 0.002428, 0.002422, 0.002391
380, 0.002424, 0.002417, 0.002388
381, 0.002421, 0.002419, 0.002389
382, 0.002422, 0.002420, 0.002389
383, 0.002422, 0.002416, 0.002387
384, 0.002427, 0.002417, 0.002387
385, 0.002422, 0.002420, 0.002390
386, 0.002420, 0.002416, 0.002386
387, 0.002421, 0.002415, 0.002385
388, 0.002420, 0.002414, 0.002384
389, 0.002419, 0.002419, 0.002388
390, 0.002420, 0.002415, 0.002384
391, 0.002420, 0.002414, 0.002383
392, 0.002419, 0.002419, 0.002388
393, 0.002420, 0.002412, 0.002382
394, 0.002417, 0.002412, 0.002382
395, 0.002413, 0.002415, 0.002384
396, 0.002416, 0.002416, 0.002386
397, 0.002414, 0.002411, 0.002382
398, 0.002415, 0.002414, 0.002384
399, 0.002416, 0.002413, 0.002382
400, 0.002417, 0.002407, 0.002378
401, 0.002414, 0.002411, 0.002380
402, 0.002410, 0.002416, 0.002385
403, 0.002414, 0.002410, 0.002381
404, 0.002415, 0.002408, 0.002379
405, 0.002412, 0.002412, 0.002381
406, 0.002411, 0.002409, 0.002378
407, 0.002412, 0.002405, 0.002376
408, 0.002409, 0.002410, 0.002379
409, 0.002412, 0.002408, 0.002377
410, 0.002408, 0.002408, 0.002378
411, 0.002408, 0.002407, 0.002377
412, 0.002408, 0.002408, 0.002377
413, 0.002410, 0.002405, 0.002375
414, 0.002407, 0.002406, 0.002376
415, 0.002406, 0.002407, 0.002376
416, 0.002411, 0.002405, 0.002375
417, 0.002405, 0.002407, 0.002376
418, 0.002405, 0.002402, 0.002372
419, 0.002408, 0.002406, 0.002376
420, 0.002402, 0.002409, 0.002378
421, 0.002403, 0.002402, 0.002373
422, 0.002407, 0.002403, 0.002373
423, 0.002404, 0.002413, 0.002382
424, 0.002407, 0.002401, 0.002371
425, 0.002407, 0.002400, 0.002371
426, 0.002407, 0.002420, 0.002387
427, 0.002405, 0.002401, 0.002371
428, 0.002406, 0.002399, 0.002370
429, 0.002407, 0.002413, 0.002380
430, 0.002409, 0.002401, 0.002371
431, 0.002400, 0.002399, 0.002370
432, 0.002405, 0.002406, 0.002374
433, 0.002403, 0.002409, 0.002376
434, 0.002404, 0.002399, 0.002370
435, 0.002403, 0.002408, 0.002376
436, 0.002398, 0.002412, 0.002380
437, 0.002401, 0.002399, 0.002370
438, 0.002404, 0.002400, 0.002369
439, 0.002397, 0.002405, 0.002374
440, 0.002400, 0.002396, 0.002367
441, 0.002400, 0.002398, 0.002368
442, 0.002401, 0.002406, 0.002374
443, 0.002402, 0.002397, 0.002368
444, 0.002399, 0.002399, 0.002369
445, 0.002394, 0.002404, 0.002372
446, 0.002398, 0.002397, 0.002367
447, 0.002398, 0.002395, 0.002365
448, 0.002397, 0.002405, 0.002373
449, 0.002397, 0.002398, 0.002368
450, 0.002394, 0.002395, 0.002365
451, 0.002396, 0.002400, 0.002369
452, 0.002396, 0.002398, 0.002367
453, 0.002392, 0.002393, 0.002363
454, 0.002398, 0.002398, 0.002366
455, 0.002395, 0.002402, 0.002370
456, 0.002395, 0.002395, 0.002364
457, 0.002391, 0.002397, 0.002365
458, 0.002393, 0.002397, 0.002366
459, 0.002397, 0.002398, 0.002367
460, 0.002394, 0.002394, 0.002364
461, 0.002394, 0.002394, 0.002364
462, 0.002391, 0.002396, 0.002365
463, 0.002393, 0.002392, 0.002362
464, 0.002391, 0.002397, 0.002365
465, 0.002391, 0.002397, 0.002366
466, 0.002391, 0.002391, 0.002361
467, 0.002394, 0.002397, 0.002365
468, 0.002390, 0.002402, 0.002370
469, 0.002393, 0.002390, 0.002361
470, 0.002395, 0.002395, 0.002364
471, 0.002388, 0.002400, 0.002368
472, 0.002394, 0.002390, 0.002360
473, 0.002390, 0.002393, 0.002362
474, 0.002388, 0.002396, 0.002365
475, 0.002392, 0.002390, 0.002360
476, 0.002392, 0.002392, 0.002362
477, 0.002385, 0.002399, 0.002367
478, 0.002388, 0.002389, 0.002359
479, 0.002392, 0.002391, 0.002360
480, 0.002387, 0.002395, 0.002363
481, 0.002388, 0.002388, 0.002358
482, 0.002387, 0.002392, 0.002361
483, 0.002386, 0.002393, 0.002362
484, 0.002386, 0.002392, 0.002361
485, 0.002385, 0.002389, 0.002358
486, 0.002390, 0.002396, 0.002363
487, 0.002388, 0.002389, 0.002358
488, 0.002386, 0.002389, 0.002358
489, 0.002386, 0.002396, 0.002363
490, 0.002387, 0.002390, 0.002358
491, 0.002383, 0.002387, 0.002356
492, 0.002385, 0.002391, 0.002359
493, 0.002383, 0.002390, 0.002359
494, 0.002385, 0.002386, 0.002356
495, 0.002384, 0.002394, 0.002362
496, 0.002385, 0.002392, 0.002361
497, 0.002386, 0.002385, 0.002356
498, 0.002385, 0.002392, 0.002360
499, 0.002384, 0.002391, 0.002360
500, 0.002383, 0.002384, 0.002355
501, 0.002382, 0.002393, 0.002362
502, 0.002382, 0.002388, 0.002358
503, 0.002383, 0.002384, 0.002354
504, 0.002382, 0.002388, 0.002357
505, 0.002380, 0.002392, 0.002361
506, 0.002383, 0.002382, 0.002353
507, 0.002386, 0.002392, 0.002360
508, 0.002381, 0.002393, 0.002362
509, 0.002382, 0.002384, 0.002355
510, 0.002382, 0.002391, 0.002359
511, 0.002380, 0.002396, 0.002364
512, 0.002384, 0.002381, 0.002352
513, 0.002385, 0.002392, 0.002361
514, 0.002382, 0.002388, 0.002357
515, 0.002381, 0.002382, 0.002352
516, 0.002381, 0.002390, 0.002359
517, 0.002375, 0.002391, 0.002360
518, 0.002381, 0.002381, 0.002351
519, 0.002380, 0.002394, 0.002361
520, 0.002380, 0.002387, 0.002355
521, 0.002378, 0.002381, 0.002351
522, 0.002379, 0.002393, 0.002360
523, 0.002379, 0.002387, 0.002354
524, 0.002379, 0.002380, 0.002350
525, 0.002376, 0.002391, 0.002358
526, 0.002378, 0.002386, 0.002354
527, 0.002376, 0.002381, 0.002351
528, 0.002378, 0.002392, 0.002360
529, 0.002376, 0.002379, 0.002349
530, 0.002374, 0.002379, 0.002349
531, 0.002374, 0.002398, 0.002366
532, 0.002379, 0.002379, 0.002350
533, 0.002377, 0.002381, 0.002351
534, 0.002374, 0.002388, 0.002358
535, 0.002374, 0.002383, 0.002353
536, 0.002375, 0.002380, 0.002350
537, 0.002374, 0.002386, 0.002354
538, 0.002379, 0.002382, 0.002351
539, 0.002375, 0.002378, 0.002348
540, 0.002373, 0.002387, 0.002355
541, 0.002373, 0.002382, 0.002350
542, 0.002372, 0.002377, 0.002346
543, 0.002376, 0.002384, 0.002352
544, 0.002374, 0.002381, 0.002350
545, 0.002370, 0.002377, 0.002347
546, 0.002370, 0.002381, 0.002351
547, 0.002373, 0.002378, 0.002348
548, 0.002368, 0.002380, 0.002350
549, 0.002371, 0.002383, 0.002352
550, 0.002369, 0.002379, 0.002349
551, 0.002370, 0.002380, 0.002349
552, 0.002367, 0.002375, 0.002345
553, 0.002371, 0.002383, 0.002352
554, 0.002368, 0.002375, 0.002345
555, 0.002373, 0.002381, 0.002350
556, 0.002367, 0.002377, 0.002346
557, 0.002367, 0.002376, 0.002345
558, 0.002369, 0.002379, 0.002348
559, 0.002365, 0.002377, 0.002346
560, 0.002368, 0.002377, 0.002347
561, 0.002369, 0.002379, 0.002349
562, 0.002365, 0.002375, 0.002346
563, 0.002368, 0.002378, 0.002348
564, 0.002369, 0.002371, 0.002342
565, 0.002369, 0.002377, 0.002346
566, 0.002366, 0.002379, 0.002348
567, 0.002365, 0.002373, 0.002343
568, 0.002366, 0.002378, 0.002347
569, 0.002368, 0.002376, 0.002345
570, 0.002363, 0.002370, 0.002340
571, 0.002364, 0.002375, 0.002344
572, 0.002363, 0.002374, 0.002343
573, 0.002361, 0.002374, 0.002343
574, 0.002362, 0.002377, 0.002346
575, 0.002364, 0.002370, 0.002340
576, 0.002365, 0.002377, 0.002346
577, 0.002366, 0.002377, 0.002346
578, 0.002362, 0.002368, 0.002339
579, 0.002367, 0.002377, 0.002346
580, 0.002363, 0.002372, 0.002342
581, 0.002363, 0.002368, 0.002338
582, 0.002362, 0.002374, 0.002343
583, 0.002362, 0.002376, 0.002344
584, 0.002362, 0.002370, 0.002339
585, 0.002361, 0.002371, 0.002340
586, 0.002360, 0.002376, 0.002345
587, 0.002363, 0.002365, 0.002336
588, 0.002363, 0.002377, 0.002345
589, 0.002361, 0.002368, 0.002337
590, 0.002360, 0.002367, 0.002337
591, 0.002359, 0.002377, 0.002345
592, 0.002359, 0.002370, 0.002339
593, 0.002356, 0.002366, 0.002336
594, 0.002357, 0.002375, 0.002344
595, 0.002357, 0.002364, 0.002335
596, 0.002362, 0.002370, 0.002340
597, 0.002356, 0.002372, 0.002341
598, 0.002358, 0.002363, 0.002334
599, 0.002356, 0.002368, 0.002338
600, 0.002355, 0.002375, 0.002343
601, 0.002360, 0.002359, 0.002331
602, 0.002360, 0.002373, 0.002342
603, 0.002359, 0.002369, 0.002338
604, 0.002356, 0.002361, 0.002332
605, 0.002355, 0.002386, 0.002353
606, 0.002359, 0.002362, 0.002332
607, 0.002353, 0.002359, 0.002330
608, 0.002353, 0.002382, 0.002350
609, 0.002357, 0.002359, 0.002330
610, 0.002358, 0.002364, 0.002333
611, 0.002353, 0.002378, 0.002346
612, 0.002356, 0.002356, 0.002327
613, 0.002359, 0.002376, 0.002343
614, 0.002353, 0.002362, 0.002331
615, 0.002350, 0.002357, 0.002328
616, 0.002351, 0.002373, 0.002341
617, 0.002357, 0.002359, 0.002329
618, 0.002349, 0.002357, 0.002327
619, 0.002350, 0.002370, 0.002338
620, 0.002350, 0.002355, 0.002325
621, 0.002349, 0.002358, 0.002328
622, 0.002348, 0.002362, 0.002332
623, 0.002350, 0.002357, 0.002328
624, 0.002351, 0.002361, 0.002331
625, 0.002348, 0.002359, 0.002329
626, 0.002347, 0.002360, 0.002329
627, 0.002343, 0.002355, 0.002325
628, 0.002346, 0.002355, 0.002325
629, 0.002347, 0.002364, 0.002332
630, 0.002345, 0.002358, 0.002327
631, 0.002345, 0.002351, 0.002322
632, 0.002344, 0.002366, 0.002334
633, 0.002349, 0.002349, 0.002320
634, 0.002344, 0.002354, 0.002324
635, 0.002343, 0.002358, 0.002327
636, 0.002344, 0.002345, 0.002317
637, 0.002345, 0.002357, 0.002326
638, 0.002343, 0.002358, 0.002328
639, 0.002343, 0.002346, 0.002318
640, 0.002342, 0.002363, 0.002332
641, 0.002341, 0.002348, 0.002319
642, 0.002340, 0.002344, 0.002315
643, 0.002343, 0.002364, 0.002333
644, 0.002342, 0.002341, 0.002313
645, 0.002345, 0.002354, 0.002324
646, 0.002339, 0.002354, 0.002324
647, 0.002337, 0.002342, 0.002314
648, 0.002340, 0.002354, 0.002323
649, 0.002336, 0.002347, 0.002316
650, 0.002339, 0.002342, 0.002312
651, 0.002336, 0.002346, 0.002315
652, 0.002337, 0.002347, 0.002316
653, 0.002332, 0.002342, 0.002312
654, 0.002332, 0.002346, 0.002316
655, 0.002334, 0.002339, 0.002310
656, 0.002334, 0.002346, 0.002315
657, 0.002331, 0.002340, 0.002310
658, 0.002333, 0.002341, 0.002311
659, 0.002332, 0.002350, 0.002318
660, 0.002332, 0.002334, 0.002305
661, 0.002333, 0.002342, 0.002311
662, 0.002330, 0.002337, 0.002307
663, 0.002329, 0.002338, 0.002308
664, 0.002331, 0.002339, 0.002308
665, 0.002331, 0.002338, 0.002308
666, 0.002328, 0.002336, 0.002307
667, 0.002330, 0.002337, 0.002307
668, 0.002324, 0.002332, 0.002303
669, 0.002323, 0.002336, 0.002305
670, 0.002325, 0.002332, 0.002302
671, 0.002325, 0.002336, 0.002306
672, 0.002323, 0.002328, 0.002299
673, 0.002322, 0.002338, 0.002307
674, 0.002327, 0.002325, 0.002296
675, 0.002323, 0.002328, 0.002299
676, 0.002322, 0.002333, 0.002303
677, 0.002321, 0.002324, 0.002296
678, 0.002322, 0.002340, 0.002309
679, 0.002323, 0.002323, 0.002295
680, 0.002320, 0.002330, 0.002300
681, 0.002320, 0.002327, 0.002298
682, 0.002321, 0.002318, 0.002290
683, 0.002319, 0.002326, 0.002296
684, 0.002318, 0.002317, 0.002288
685, 0.002315, 0.002327, 0.002296
686, 0.002317, 0.002329, 0.002298
687, 0.002313, 0.002312, 0.002285
688, 0.002316, 0.002334, 0.002303
689, 0.002317, 0.002317, 0.002288
690, 0.002312, 0.002309, 0.002282
691, 0.002313, 0.002335, 0.002304
692, 0.002318, 0.002306, 0.002279
693, 0.002314, 0.002326, 0.002296
694, 0.002309, 0.002311, 0.002283
695, 0.002310, 0.002306, 0.002278
696, 0.002305, 0.002323, 0.002292
697, 0.002312, 0.002301, 0.002274
698, 0.002306, 0.002324, 0.002293
699, 0.002307, 0.002307, 0.002278
700, 0.002304, 0.002304, 0.002275
701, 0.002305, 0.002315, 0.002285
702, 0.002302, 0.002297, 0.002269
703, 0.002301, 0.002316, 0.002286
704, 0.002302, 0.002299, 0.002271
705, 0.002298, 0.002298, 0.002269
706, 0.002301, 0.002312, 0.002282
707, 0.002300, 0.002291, 0.002264
708, 0.002296, 0.002304, 0.002274
709, 0.002294, 0.002298, 0.002269
710, 0.002293, 0.002286, 0.002259
711, 0.002296, 0.002318, 0.002287
712, 0.002299, 0.002284, 0.002258
713, 0.002291, 0.002293, 0.002264
714, 0.002290, 0.002294, 0.002264
715, 0.002285, 0.002283, 0.002255
716, 0.002285, 0.002289, 0.002260
717, 0.002284, 0.002288, 0.002259
718, 0.002285, 0.002279, 0.002251
719, 0.002286, 0.002288, 0.002258
720, 0.002282, 0.002284, 0.002255
721, 0.002282, 0.002277, 0.002248
722, 0.002278, 0.002280, 0.002251
723, 0.002276, 0.002276, 0.002248
724, 0.002280, 0.002271, 0.002243
725, 0.002275, 0.002270, 0.002242
726, 0.002275, 0.002281, 0.002252
727, 0.002273, 0.002264, 0.002237
728, 0.002274, 0.002276, 0.002247
729, 0.002271, 0.002266, 0.002237
730, 0.002272, 0.002261, 0.002232
731, 0.002266, 0.002273, 0.002243
732, 0.002271, 0.002256, 0.002228
733, 0.002267, 0.002264, 0.002235
734, 0.002262, 0.002265, 0.002235
735, 0.002261, 0.002250, 0.002222
736, 0.002265, 0.002268, 0.002238
737, 0.002263, 0.002246, 0.002219
738, 0.002258, 0.002249, 0.002221
739, 0.002252, 0.002257, 0.002229
740, 0.002256, 0.002240, 0.002214
741, 0.002255, 0.002255, 0.002226
742, 0.002254, 0.002239, 0.002211
743, 0.002251, 0.002239, 0.002211
744, 0.002250, 0.002248, 0.002218
745, 0.002250, 0.002229, 0.002202
746, 0.002249, 0.002251, 0.002220
747, 0.002247, 0.002229, 0.002201
748, 0.002241, 0.002228, 0.002200
749, 0.002239, 0.002233, 0.002204
750, 0.002236, 0.002221, 0.002193
751, 0.002234, 0.002226, 0.002196
752, 0.002233, 0.002226, 0.002196
753, 0.002232, 0.002214, 0.002186
754, 0.002231, 0.002223, 0.002194
755, 0.002227, 0.002215, 0.002187
756, 0.002225, 0.002208, 0.002181
757, 0.002224, 0.002219, 0.002190
758, 0.002229, 0.002200, 0.002174
759, 0.002223, 0.002217, 0.002188
760, 0.002222, 0.002196, 0.002169
761, 0.002216, 0.002206, 0.002176
762, 0.002215, 0.002202, 0.002172
763, 0.002212, 0.002186, 0.002160
764, 0.002217, 0.002226, 0.002194
765, 0.002220, 0.002180, 0.002154
766, 0.002210, 0.002185, 0.002156
767, 0.002205, 0.002203, 0.002173
768, 0.002205, 0.002172, 0.002146
769, 0.002205, 0.002200, 0.002170
770, 0.002202, 0.002166, 0.002140
771, 0.002194, 0.002178, 0.002150
772, 0.002190, 0.002171, 0.002142
773, 0.002187, 0.002160, 0.002132
774, 0.002188, 0.002170, 0.002140
775, 0.002184, 0.002153, 0.002125
776, 0.002182, 0.002159, 0.002130
777, 0.002180, 0.002148, 0.002120
778, 0.002173, 0.002155, 0.002125
779, 0.002174, 0.002143, 0.002115
780, 0.002168, 0.002142, 0.002114
781, 0.002169, 0.002140, 0.002112
782, 0.002165, 0.002134, 0.002106
783, 0.002162, 0.002134, 0.002105
784, 0.002156, 0.002128, 0.002100
785, 0.002155, 0.002125, 0.002097
786, 0.002151, 0.002116, 0.002089
787, 0.002146, 0.002116, 0.002088
788, 0.002142, 0.002122, 0.002092
789, 0.002144, 0.002103, 0.002076
790, 0.002142, 0.002106, 0.002078
791, 0.002138, 0.002112, 0.002082
792, 0.002135, 0.002092, 0.002067
793, 0.002140, 0.002140, 0.002110
794, 0.002145, 0.002083, 0.002059
795, 0.002133, 0.002098, 0.002068
796, 0.002125, 0.002084, 0.002055
797, 0.002114, 0.002072, 0.002046
798, 0.002112, 0.002080, 0.002051
799, 0.002109, 0.002065, 0.002038
800, 0.002106, 0.002067, 0.002039
801, 0.002104, 0.002055, 0.002029
802, 0.002100, 0.002059, 0.002031
803, 0.002092, 0.002047, 0.002020
804, 0.002090, 0.002042, 0.002015
805, 0.002087, 0.002050, 0.002021
806, 0.002082, 0.002035, 0.002008
807, 0.002080, 0.002041, 0.002011
808, 0.002077, 0.002022, 0.001995
809, 0.002070, 0.002027, 0.001999
810, 0.002067, 0.002014, 0.001987
811, 0.002061, 0.002015, 0.001988
812, 0.002061, 0.002011, 0.001983
813, 0.002052, 0.001998, 0.001972
814, 0.002055, 0.002016, 0.001987
815, 0.002052, 0.001985, 0.001960
816, 0.002052, 0.002009, 0.001979
817, 0.002045, 0.001975, 0.001949
818, 0.002034, 0.001978, 0.001951
819, 0.002026, 0.001973, 0.001945
820, 0.002025, 0.001959, 0.001933
821, 0.002017, 0.001977, 0.001949
822, 0.002018, 0.001948, 0.001923
823, 0.002017, 0.001971, 0.001941
824, 0.002010, 0.001938, 0.001911
825, 0.001999, 0.001934, 0.001907
826, 0.001992, 0.001946, 0.001917
827, 0.001992, 0.001920, 0.001895
828, 0.001995, 0.001959, 0.001929
829, 0.001995, 0.001915, 0.001893
830, 0.001990, 0.001930, 0.001900
831, 0.001976, 0.001900, 0.001873
832, 0.001967, 0.001891, 0.001867
833, 0.001966, 0.001930, 0.001900
834, 0.001975, 0.001883, 0.001860
835, 0.001971, 0.001914, 0.001884
836, 0.001959, 0.001866, 0.001842
837, 0.001949, 0.001873, 0.001845
838, 0.001932, 0.001860, 0.001833
839, 0.001925, 0.001845, 0.001821
840, 0.001924, 0.001868, 0.001839
841, 0.001924, 0.001830, 0.001806
842, 0.001921, 0.001850, 0.001821
843, 0.001913, 0.001818, 0.001793
844, 0.001901, 0.001820, 0.001794
845, 0.001893, 0.001812, 0.001786
846, 0.001887, 0.001799, 0.001773
847, 0.001883, 0.001792, 0.001767
848, 0.001876, 0.001788, 0.001763
849, 0.001868, 0.001785, 0.001758
850, 0.001862, 0.001771, 0.001745
851, 0.001854, 0.001767, 0.001742
852, 0.001851, 0.001761, 0.001735
853, 0.001844, 0.001750, 0.001724
854, 0.001838, 0.001750, 0.001723
855, 0.001831, 0.001734, 0.001709
856, 0.001828, 0.001731, 0.001704
857, 0.001817, 0.001723, 0.001697
858, 0.001810, 0.001712, 0.001688
859, 0.001810, 0.001712, 0.001685
860, 0.001803, 0.001696, 0.001671
861, 0.001793, 0.001698, 0.001672
862, 0.001788, 0.001680, 0.001656
863, 0.001781, 0.001676, 0.001650
864, 0.001775, 0.001669, 0.001643
865, 0.001768, 0.001659, 0.001634
866, 0.001760, 0.001654, 0.001629
867, 0.001751, 0.001647, 0.001621
868, 0.001748, 0.001636, 0.001612
869, 0.001740, 0.001628, 0.001603
870, 0.001736, 0.001622, 0.001598
871, 0.001726, 0.001613, 0.001589
872, 0.001719, 0.001606, 0.001580
873, 0.001713, 0.001592, 0.001567
874, 0.001708, 0.001604, 0.001578
875, 0.001701, 0.001576, 0.001554
876, 0.001699, 0.001601, 0.001573
877, 0.001691, 0.001560, 0.001539
878, 0.001683, 0.001564, 0.001538
879, 0.001671, 0.001548, 0.001522
880, 0.001663, 0.001535, 0.001513
881, 0.001656, 0.001549, 0.001524
882, 0.001652, 0.001518, 0.001495
883, 0.001649, 0.001532, 0.001506
884, 0.001635, 0.001503, 0.001482
885, 0.001628, 0.001495, 0.001471
886, 0.001620, 0.001499, 0.001473
887, 0.001612, 0.001475, 0.001454
888, 0.001607, 0.001495, 0.001469
889, 0.001601, 0.001463, 0.001442
890, 0.001596, 0.001480, 0.001456
891, 0.001586, 0.001439, 0.001419
892, 0.001575, 0.001449, 0.001425
893, 0.001566, 0.001426, 0.001405
894, 0.001559, 0.001420, 0.001399
895, 0.001549, 0.001425, 0.001400
896, 0.001547, 0.001398, 0.001379
897, 0.001541, 0.001427, 0.001404
898, 0.001533, 0.001385, 0.001367
899, 0.001529, 0.001411, 0.001386
900, 0.001522, 0.001370, 0.001353
901, 0.001508, 0.001375, 0.001351
902, 0.001496, 0.001347, 0.001327
903, 0.001483, 0.001348, 0.001329
904, 0.001475, 0.001335, 0.001314
905, 0.001469, 0.001329, 0.001308
906, 0.001463, 0.001327, 0.001306
907, 0.001450, 0.001305, 0.001285
908, 0.001446, 0.001316, 0.001294
909, 0.001437, 0.001292, 0.001274
910, 0.001429, 0.001291, 0.001271
911, 0.001414, 0.001290, 0.001269
912, 0.001409, 0.001264, 0.001249
913, 0.001406, 0.001296, 0.001274
914, 0.001405, 0.001262, 0.001249
915, 0.001409, 0.001332, 0.001307
916, 0.001418, 0.001259, 0.001250
917, 0.001411, 0.001319, 0.001294
918, 0.001406, 0.001235, 0.001222
919, 0.001386, 0.001269, 0.001248
920, 0.001362, 0.001198, 0.001180
921, 0.001340, 0.001192, 0.001174
922, 0.001320, 0.001223, 0.001205
923, 0.001331, 0.001192, 0.001174
924, 0.001342, 0.001237, 0.001217
925, 0.001329, 0.001157, 0.001140
926, 0.001296, 0.001153, 0.001132
927, 0.001279, 0.001171, 0.001152
928, 0.001280, 0.001133, 0.001114
929, 0.001278, 0.001145, 0.001122
930, 0.001259, 0.001119, 0.001103
931, 0.001248, 0.001109, 0.001086
932, 0.001243, 0.001113, 0.001095
933, 0.001230, 0.001090, 0.001070
934, 0.001225, 0.001089, 0.001070
935, 0.001215, 0.001083, 0.001064
936, 0.001207, 0.001061, 0.001040
937, 0.001197, 0.001077, 0.001055
938, 0.001190, 0.001047, 0.001030
939, 0.001187, 0.001062, 0.001041
940, 0.001176, 0.001032, 0.001015
941, 0.001163, 0.001016, 0.000998
942, 0.001150, 0.001042, 0.001019
943, 0.001156, 0.001016, 0.001001
944, 0.001153, 0.001031, 0.001004
945, 0.001135, 0.000993, 0.000976
946, 0.001120, 0.000993, 0.000968
947, 0.001125, 0.001039, 0.001024
948, 0.001143, 0.001000, 0.000975
949, 0.001139, 0.001028, 0.001013
950, 0.001127, 0.000961, 0.000932
951, 0.001099, 0.000982, 0.000969
952, 0.001092, 0.000990, 0.000958
953, 0.001112, 0.001005, 0.000996
954, 0.001124, 0.001051, 0.001018
955, 0.001165, 0.001020, 0.001008
956, 0.001130, 0.000928, 0.000902
957, 0.001081, 0.000908, 0.000889
958, 0.001039, 0.000924, 0.000910
959, 0.001073, 0.000950, 0.000927
960, 0.001091, 0.000892, 0.000876
961, 0.001025, 0.000868, 0.000851
962, 0.001024, 0.000929, 0.000911
963, 0.001051, 0.000872, 0.000857
964, 0.001000, 0.000834, 0.000815
965, 0.000989, 0.000902, 0.000887
966, 0.001001, 0.000835, 0.000815
967, 0.000976, 0.000821, 0.000805
968, 0.000949, 0.000865, 0.000851
969, 0.000965, 0.000824, 0.000800
970, 0.000978, 0.000862, 0.000850
971, 0.000966, 0.000824, 0.000802
972, 0.000964, 0.000813, 0.000800
973, 0.000950, 0.000783, 0.000763
974, 0.000925, 0.000759, 0.000743
975, 0.000904, 0.000766, 0.000751
976, 0.000910, 0.000767, 0.000748
977, 0.000919, 0.000777, 0.000764
978, 0.000911, 0.000740, 0.000722
979, 0.000912, 0.000790, 0.000779
980, 0.000908, 0.000731, 0.000712
981, 0.000894, 0.000759, 0.000754
982, 0.000898, 0.000750, 0.000727
983, 0.000886, 0.000720, 0.000713
984, 0.000869, 0.000698, 0.000682
985, 0.000851, 0.000708, 0.000693
986, 0.000844, 0.000677, 0.000666
987, 0.000842, 0.000692, 0.000676
988, 0.000835, 0.000679, 0.000670
989, 0.000833, 0.000670, 0.000653
990, 0.000842, 0.000715, 0.000704
991, 0.000851, 0.000667, 0.000654
992, 0.000844, 0.000690, 0.000674
993, 0.000832, 0.000649, 0.000639
994, 0.000813, 0.000643, 0.000629
995, 0.000793, 0.000637, 0.000626
996, 0.000795, 0.000634, 0.000625
997, 0.000799, 0.000649, 0.000637
998, 0.000803, 0.000624, 0.000613
999, 0.000794, 0.000625, 0.000616
1000, 0.000781, 0.000605, 0.000592
1001, 0.000768, 0.000601, 0.000595
1002, 0.000770, 0.000614, 0.000600
1003, 0.000772, 0.000593, 0.000584
1004, 0.000769, 0.000609, 0.000599
1005, 0.000770, 0.000599, 0.000581
1006, 0.000771, 0.000616, 0.000612
1007, 0.000776, 0.000590, 0.000572
1008, 0.000760, 0.000577, 0.000571
1009, 0.000743, 0.000574, 0.000564
1010, 0.000735, 0.000568, 0.000553
1011, 0.000742, 0.000593, 0.000590
1012, 0.000751, 0.000569, 0.000551
1013, 0.000736, 0.000547, 0.000539
1014, 0.000727, 0.000555, 0.000544
1015, 0.000717, 0.000538, 0.000526
1016, 0.000713, 0.000547, 0.000541
1017, 0.000718, 0.000558, 0.000542
1018, 0.000724, 0.000548, 0.000546
1019, 0.000728, 0.000543, 0.000529
1020, 0.000714, 0.000531, 0.000521
1021, 0.000704, 0.000517, 0.000511
1022, 0.000700, 0.000532, 0.000519
1023, 0.000698, 0.000524, 0.000518
1024, 0.000699, 0.000509, 0.000497
1025, 0.000696, 0.000524, 0.000511
1026, 0.000688, 0.000499, 0.000492
1027, 0.000684, 0.000507, 0.000494
1028, 0.000684, 0.000513, 0.000505
1029, 0.000687, 0.000493, 0.000484
1030, 0.000686, 0.000518, 0.000508
1031, 0.000682, 0.000480, 0.000472
1032, 0.000666, 0.000485, 0.000474
1033, 0.000668, 0.000503, 0.000496
1034, 0.000675, 0.000477, 0.000467
1035, 0.000667, 0.000475, 0.000466
1036, 0.000655, 0.000478, 0.000470
1037, 0.000654, 0.000466, 0.000456
1038, 0.000658, 0.000479, 0.000472
1039, 0.000661, 0.000469, 0.000459
1040, 0.000651, 0.000456, 0.000447
1041, 0.000641, 0.000469, 0.000465
1042, 0.000653, 0.000469, 0.000459
1043, 0.000654, 0.000450, 0.000445
1044, 0.000642, 0.000455, 0.000448
1045, 0.000636, 0.000458, 0.000447
1046, 0.000643, 0.000461, 0.000456
1047, 0.000648, 0.000447, 0.000438
1048, 0.000633, 0.000446, 0.000437
1049, 0.000628, 0.000451, 0.000446
1050, 0.000642, 0.000449, 0.000438
1051, 0.000639, 0.000443, 0.000437
1052, 0.000624, 0.000427, 0.000421
1053, 0.000622, 0.000448, 0.000437
1054, 0.000631, 0.000449, 0.000445
1055, 0.000634, 0.000425, 0.000416
1056, 0.000616, 0.000428, 0.000421
1057, 0.000615, 0.000427, 0.000421
1058, 0.000620, 0.000423, 0.000412
1059, 0.000614, 0.000430, 0.000425
1060, 0.000611, 0.000416, 0.000408
1061, 0.000608, 0.000411, 0.000404
1062, 0.000613, 0.000436, 0.000430
1063, 0.000613, 0.000405, 0.000397
1064, 0.000601, 0.000404, 0.000396
1065, 0.000600, 0.000434, 0.000427
1066, 0.000612, 0.000398, 0.000390
1067, 0.000607, 0.000416, 0.000407
1068, 0.000595, 0.000406, 0.000400
1069, 0.000593, 0.000392, 0.000386
1070, 0.000598, 0.000426, 0.000418
1071, 0.000597, 0.000390, 0.000385
1072, 0.000594, 0.000393, 0.000386
1073, 0.000589, 0.000412, 0.000407
1074, 0.000590, 0.000382, 0.000377
1075, 0.000591, 0.000394, 0.000385
1076, 0.000584, 0.000394, 0.000388
1077, 0.000581, 0.000382, 0.000375
1078, 0.000583, 0.000390, 0.000382
1079, 0.000581, 0.000391, 0.000387
1080, 0.000580, 0.000378, 0.000371
1081, 0.000581, 0.000389, 0.000385
1082, 0.000577, 0.000379, 0.000375
1083, 0.000574, 0.000375, 0.000367
1084, 0.000577, 0.000381, 0.000377
1085, 0.000574, 0.000372, 0.000366
1086, 0.000570, 0.000372, 0.000364
1087, 0.000573, 0.000383, 0.000379
1088, 0.000578, 0.000368, 0.000361
1089, 0.000571, 0.000373, 0.000367
1090, 0.000565, 0.000380, 0.000376
1091, 0.000569, 0.000366, 0.000359
1092, 0.000569, 0.000368, 0.000362
1093, 0.000566, 0.000373, 0.000368
1094, 0.000563, 0.000369, 0.000361
1095, 0.000565, 0.000361, 0.000356
1096, 0.000563, 0.000365, 0.000359
1097, 0.000558, 0.000363, 0.000356
1098, 0.000560, 0.000362, 0.000358
1099, 0.000562, 0.000365, 0.000360
1100, 0.000557, 0.000360, 0.000355
1101, 0.000558, 0.000353, 0.000351
1102, 0.000557, 0.000370, 0.000365
1103, 0.000558, 0.000347, 0.000343
1104, 0.000559, 0.000370, 0.000364
1105, 0.000560, 0.000350, 0.000346
1106, 0.000551, 0.000354, 0.000348
1107, 0.000551, 0.000358, 0.000354
1108, 0.000554, 0.000350, 0.000345
1109, 0.000549, 0.000346, 0.000340
1110, 0.000547, 0.000360, 0.000356
1111, 0.000549, 0.000349, 0.000345
1112, 0.000549, 0.000343, 0.000338
1113, 0.000544, 0.000352, 0.000348
1114, 0.000546, 0.000346, 0.000342
1115, 0.000545, 0.000342, 0.000337
1116, 0.000542, 0.000353, 0.000348
1117, 0.000543, 0.000337, 0.000331
1118, 0.000545, 0.000349, 0.000343
1119, 0.000542, 0.000341, 0.000338
1120, 0.000541, 0.000346, 0.000339
1121, 0.000542, 0.000333, 0.000329
1122, 0.000541, 0.000341, 0.000336
1123, 0.000539, 0.000342, 0.000337
1124, 0.000537, 0.000334, 0.000333
1125, 0.000543, 0.000357, 0.000350
1126, 0.000542, 0.000328, 0.000325
1127, 0.000539, 0.000349, 0.000345
1128, 0.000533, 0.000331, 0.000324
1129, 0.000538, 0.000331, 0.000327
1130, 0.000534, 0.000350, 0.000345
1131, 0.000534, 0.000324, 0.000320
1132, 0.000539, 0.000356, 0.000351
1133, 0.000535, 0.000324, 0.000320
1134, 0.000532, 0.000330, 0.000324
1135, 0.000532, 0.000341, 0.000337
1136, 0.000529, 0.000321, 0.000317
1137, 0.000530, 0.000335, 0.000330
1138, 0.000530, 0.000343, 0.000340
1139, 0.000534, 0.000320, 0.000314
1140, 0.000529, 0.000341, 0.000336
1141, 0.000530, 0.000321, 0.000318
1142, 0.000531, 0.000324, 0.000318
1143, 0.000525, 0.000339, 0.000336
1144, 0.000527, 0.000318, 0.000316
1145, 0.000531, 0.000345, 0.000338
1146, 0.000532, 0.000325, 0.000324
1147, 0.000530, 0.000327, 0.000323
1148, 0.000523, 0.000321, 0.000316
1149, 0.000524, 0.000325, 0.000322
1150, 0.000523, 0.000327, 0.000322
1151, 0.000521, 0.000322, 0.000315
1152, 0.000523, 0.000328, 0.000325
1153, 0.000527, 0.000338, 0.000330
1154, 0.000525, 0.000311, 0.000306
1155, 0.000524, 0.000335, 0.000330
1156, 0.000522, 0.000319, 0.000313
1157, 0.000520, 0.000310, 0.000306
1158, 0.000521, 0.000344, 0.000339
1159, 0.000522, 0.000308, 0.000304
1160, 0.000521, 0.000326, 0.000321
1161, 0.000518, 0.000322, 0.000319
1162, 0.000517, 0.000308, 0.000303
1163, 0.000520, 0.000338, 0.000333
1164, 0.000521, 0.000312, 0.000310
1165, 0.000521, 0.000317, 0.000312
1166, 0.000520, 0.000328, 0.000324
1167, 0.000513, 0.000309, 0.000307
1168, 0.000523, 0.000343, 0.000335
1169, 0.000526, 0.000309, 0.000307
1170, 0.000520, 0.000329, 0.000324
1171, 0.000515, 0.000315, 0.000309
1172, 0.000515, 0.000306, 0.000304
1173, 0.000516, 0.000353, 0.000347
1174, 0.000523, 0.000304, 0.000300
1175, 0.000529, 0.000347, 0.000342
1176, 0.000519, 0.000306, 0.000303
1177, 0.000510, 0.000304, 0.000300
1178, 0.000513, 0.000347, 0.000342
1179, 0.000519, 0.000301, 0.000298
1180, 0.000517, 0.000328, 0.000321
1181, 0.000516, 0.000309, 0.000307
1182, 0.000512, 0.000307, 0.000302
1183, 0.000512, 0.000321, 0.000317
1184, 0.000513, 0.000302, 0.000300
1185, 0.000516, 0.000323, 0.000318
1186, 0.000513, 0.000306, 0.000304
1187, 0.000507, 0.000306, 0.000305
1188, 0.000508, 0.000328, 0.000323
1189, 0.000514, 0.000305, 0.000304
1190, 0.000509, 0.000310, 0.000306
1191, 0.000506, 0.000307, 0.000303
1192, 0.000507, 0.000312, 0.000310
1193, 0.000508, 0.000310, 0.000305
1194, 0.000506, 0.000299, 0.000295
1195, 0.000505, 0.000316, 0.000314
1196, 0.000506, 0.000309, 0.000304
1197, 0.000506, 0.000300, 0.000297
1198, 0.000504, 0.000315, 0.000312
1199, 0.000505, 0.000303, 0.000299
1200, 0.000501, 0.000304, 0.000302
1201, 0.000506, 0.000315, 0.000312
1202, 0.000503, 0.000295, 0.000292
1203, 0.000504, 0.000323, 0.000319
1204, 0.000508, 0.000296, 0.000293
1205, 0.000507, 0.000311, 0.000307
1206, 0.000502, 0.000302, 0.000299
1207, 0.000500, 0.000299, 0.000296
1208, 0.000500, 0.000312, 0.000307
1209, 0.000501, 0.000297, 0.000295
1210, 0.000502, 0.000304, 0.000300
1211, 0.000500, 0.000303, 0.000299
1212, 0.000498, 0.000295, 0.000293
1213, 0.000501, 0.000316, 0.000312
1214, 0.000502, 0.000293, 0.000291
1215, 0.000502, 0.000319, 0.000315
1216, 0.000503, 0.000304, 0.000300
1217, 0.000500, 0.000302, 0.000299
1218, 0.000499, 0.000304, 0.000300
1219, 0.000500, 0.000302, 0.000299
1220, 0.000502, 0.000314, 0.000310
1221, 0.000498, 0.000298, 0.000294
1222, 0.000499, 0.000305, 0.000301
1223, 0.000500, 0.000305, 0.000302
1224, 0.000499, 0.000296, 0.000293
1225, 0.000497, 0.000303, 0.000300
1226, 0.000497, 0.000299, 0.000296
1227, 0.000496, 0.000296, 0.000293
1228, 0.000496, 0.000313, 0.000310
1229, 0.000499, 0.000294, 0.000291
1230, 0.000499, 0.000298, 0.000293
1231, 0.000495, 0.000311, 0.000307
1232, 0.000495, 0.000290, 0.000287
1233, 0.000497, 0.000313, 0.000309
1234, 0.000498, 0.000296, 0.000294
1235, 0.000497, 0.000301, 0.000296
1236, 0.000495, 0.000301, 0.000298
1237, 0.000495, 0.000300, 0.000298
1238, 0.000496, 0.000310, 0.000303
1239, 0.000500, 0.000294, 0.000293
1240, 0.000500, 0.000325, 0.000320
1241, 0.000501, 0.000284, 0.000282
1242, 0.000503, 0.000333, 0.000331
1243, 0.000506, 0.000289, 0.000286
1244, 0.000498, 0.000296, 0.000293
1245, 0.000493, 0.000310, 0.000308
1246, 0.000495, 0.000293, 0.000289
1247, 0.000496, 0.000303, 0.000299
1248, 0.000491, 0.000297, 0.000294
1249, 0.000495, 0.000306, 0.000301
1250, 0.000496, 0.000292, 0.000290
1251, 0.000494, 0.000305, 0.000302
1252, 0.000493, 0.000291, 0.000287
1253, 0.000492, 0.000302, 0.000300
1254, 0.000493, 0.000296, 0.000292
1255, 0.000491, 0.000291, 0.000288
1256, 0.000493, 0.000302, 0.000299
1257, 0.000489, 0.000291, 0.000287
1258, 0.000490, 0.000296, 0.000292
1259, 0.000489, 0.000307, 0.000303
1260, 0.000491, 0.000285, 0.000282
1261, 0.000492, 0.000309, 0.000304
1262, 0.000491, 0.000294, 0.000292
1263, 0.000491, 0.000294, 0.000291
1264, 0.000490, 0.000307, 0.000303
1265, 0.000492, 0.000290, 0.000288
1266, 0.000492, 0.000308, 0.000304
1267, 0.000492, 0.000291, 0.000288
1268, 0.000491, 0.000303, 0.000300
1269, 0.000493, 0.000295, 0.000291
1270, 0.000488, 0.000293, 0.000289
1271, 0.000489, 0.000306, 0.000303
1272, 0.000491, 0.000285, 0.000281
1273, 0.000488, 0.000312, 0.000307
1274, 0.000490, 0.000290, 0.000288
1275, 0.000490, 0.000306, 0.000302
1276, 0.000490, 0.000293, 0.000291
1277, 0.000492, 0.000301, 0.000299
1278, 0.000491, 0.000292, 0.000289
1279, 0.000489, 0.000294, 0.000292
1280, 0.000488, 0.000304, 0.000300
1281, 0.000487, 0.000285, 0.000282
1282, 0.000489, 0.000306, 0.000302
1283, 0.000489, 0.000289, 0.000285
1284, 0.000485, 0.000287, 0.000284
1285, 0.000486, 0.000303, 0.000300
1286, 0.000487, 0.000281, 0.000279
1287, 0.000486, 0.000307, 0.000303
1288, 0.000488, 0.000290, 0.000288
1289, 0.000490, 0.000297, 0.000292
1290, 0.000486, 0.000292, 0.000289
1291, 0.000485, 0.000295, 0.000292
1292, 0.000484, 0.000299, 0.000295
1293, 0.000488, 0.000281, 0.000279
1294, 0.000488, 0.000313, 0.000309
1295, 0.000488, 0.000279, 0.000276
1296, 0.000487, 0.000312, 0.000309
1297, 0.000487, 0.000292, 0.000289
1298, 0.000485, 0.000291, 0.000286
1299, 0.000485, 0.000303, 0.000299
1300, 0.000485, 0.000289, 0.000284
1301, 0.000481, 0.000293, 0.000289
1302, 0.000483, 0.000300, 0.000297
1303, 0.000483, 0.000281, 0.000278
1304, 0.000486, 0.000302, 0.000298
1305, 0.000484, 0.000286, 0.000284
1306, 0.000485, 0.000297, 0.000294
1307, 0.000482, 0.000289, 0.000285
1308, 0.000483, 0.000289, 0.000287
1309, 0.000483, 0.000301, 0.000296
1310, 0.000483, 0.000286, 0.000283
1311, 0.000485, 0.000296, 0.000294
1312, 0.000481, 0.000286, 0.000282
1313, 0.000481, 0.000294, 0.000290
1314, 0.000483, 0.000297, 0.000293
1315, 0.000482, 0.000286, 0.000282
1316, 0.000479, 0.000302, 0.000298
1317, 0.000483, 0.000283, 0.000279
1318, 0.000483, 0.000309, 0.000305
1319, 0.000485, 0.000282, 0.000281
1320, 0.000489, 0.000326, 0.000321
1321, 0.000489, 0.000279, 0.000278
1322, 0.000489, 0.000321, 0.000316
1323, 0.000486, 0.000279, 0.000276
1324, 0.000480, 0.000294, 0.000290
1325, 0.000479, 0.000293, 0.000289
1326, 0.000481, 0.000287, 0.000282
1327, 0.000478, 0.000290, 0.000287
1328, 0.000482, 0.000291, 0.000289
1329, 0.000479, 0.000293, 0.000289
1330, 0.000479, 0.000288, 0.000285
1331, 0.000478, 0.000298, 0.000294
1332, 0.000481, 0.000284, 0.000280
1333, 0.000477, 0.000301, 0.000296
1334, 0.000479, 0.000283, 0.000280
1335, 0.000479, 0.000297, 0.000292
1336, 0.000478, 0.000285, 0.000282
1337, 0.000479, 0.000293, 0.000290
1338, 0.000481, 0.000287, 0.000284
1339, 0.000477, 0.000290, 0.000286
1340, 0.000478, 0.000292, 0.000288
1341, 0.000478, 0.000280, 0.000276
1342, 0.000482, 0.000303, 0.000298
1343, 0.000478, 0.000283, 0.000281
1344, 0.000479, 0.000293, 0.000289
1345, 0.000478, 0.000285, 0.000282
1346, 0.000477, 0.000293, 0.000290
1347, 0.000477, 0.000284, 0.000280
1348, 0.000477, 0.000295, 0.000292
1349, 0.000478, 0.000284, 0.000281
1350, 0.000476, 0.000293, 0.000288
1351, 0.000477, 0.000289, 0.000286
1352, 0.000477, 0.000287, 0.000284
1353, 0.000477, 0.000299, 0.000294
1354, 0.000480, 0.000278, 0.000277
1355, 0.000480, 0.000322, 0.000318
1356, 0.000485, 0.000274, 0.000271
1357, 0.000485, 0.000324, 0.000321
1358, 0.000485, 0.000272, 0.000270
1359, 0.000481, 0.000307, 0.000303
1360, 0.000477, 0.000283, 0.000281
1361, 0.000476, 0.000277, 0.000273
1362, 0.000477, 0.000316, 0.000312
1363, 0.000480, 0.000271, 0.000269
1364, 0.000485, 0.000331, 0.000325
1365, 0.000489, 0.000275, 0.000275
1366, 0.000486, 0.000320, 0.000314
1367, 0.000484, 0.000273, 0.000271
1368, 0.000480, 0.000298, 0.000296
1369, 0.000479, 0.000289, 0.000285
1370, 0.000477, 0.000276, 0.000273
1371, 0.000474, 0.000307, 0.000303
1372, 0.000477, 0.000276, 0.000272
1373, 0.000475, 0.000295, 0.000290
1374, 0.000475, 0.000285, 0.000281
1375, 0.000474, 0.000283, 0.000278
1376, 0.000473, 0.000292, 0.000288
1377, 0.000473, 0.000276, 0.000273
1378, 0.000475, 0.000297, 0.000292
1379, 0.000475, 0.000278, 0.000275
1380, 0.000473, 0.000280, 0.000277
1381, 0.000471, 0.000292, 0.000288
1382, 0.000472, 0.000278, 0.000274
1383, 0.000472, 0.000296, 0.000292
1384, 0.000474, 0.000276, 0.000273
1385, 0.000474, 0.000285, 0.000281
1386, 0.000471, 0.000286, 0.000283
1387, 0.000474, 0.000278, 0.000274
1388, 0.000473, 0.000302, 0.000297
1389, 0.000474, 0.000275, 0.000272
1390, 0.000474, 0.000304, 0.000299
1391, 0.000474, 0.000275, 0.000272
1392, 0.000473, 0.000294, 0.000290
1393, 0.000470, 0.000276, 0.000272
1394, 0.000469, 0.000287, 0.000283
1395, 0.000470, 0.000289, 0.000285
1396, 0.000469, 0.000278, 0.000275
1397, 0.000472, 0.000293, 0.000289
1398, 0.000470, 0.000278, 0.000274
1399, 0.000471, 0.000291, 0.000287
1400, 0.000470, 0.000280, 0.000276
1401, 0.000468, 0.000281, 0.000276
1402, 0.000470, 0.000294, 0.000290
1403, 0.000471, 0.000275, 0.000272
1404, 0.000469, 0.000299, 0.000294
1405, 0.000472, 0.000274, 0.000272
1406, 0.000470, 0.000290, 0.000286
1407, 0.000468, 0.000285, 0.000280
1408, 0.000467, 0.000279, 0.000277
1409, 0.000470, 0.000306, 0.000301
1410, 0.000474, 0.000268, 0.000266
1411, 0.000474, 0.000322, 0.000318
1412, 0.000476, 0.000268, 0.000264
1413, 0.000476, 0.000296, 0.000291
1414, 0.000467, 0.000284, 0.000281
1415, 0.000470, 0.000271, 0.000267
1416, 0.000470, 0.000308, 0.000304
1417, 0.000473, 0.000268, 0.000266
1418, 0.000474, 0.000313, 0.000307
1419, 0.000476, 0.000274, 0.000272
1420, 0.000473, 0.000294, 0.000289
1421, 0.000466, 0.000284, 0.000279
1422, 0.000468, 0.000274, 0.000272
1423, 0.000470, 0.000305, 0.000299
1424, 0.000471, 0.000267, 0.000263
1425, 0.000471, 0.000302, 0.000297
1426, 0.000469, 0.000276, 0.000272
1427, 0.000464, 0.000275, 0.000271
1428, 0.000465, 0.000301, 0.000297
1429, 0.000468, 0.000266, 0.000263
1430, 0.000473, 0.000317, 0.000311
1431, 0.000474, 0.000268, 0.000267
1432, 0.000473, 0.000296, 0.000291
1433, 0.000469, 0.000281, 0.000277
1434, 0.000465, 0.000272, 0.000270
1435, 0.000469, 0.000311, 0.000306
1436, 0.000471, 0.000264, 0.000262
1437, 0.000477, 0.000328, 0.000322
1438, 0.000477, 0.000264, 0.000261
1439, 0.000472, 0.000289, 0.000284
1440, 0.000467, 0.000291, 0.000287
1441, 0.000465, 0.000265, 0.000262
1442, 0.000471, 0.000317, 0.000311
1443, 0.000474, 0.000265, 0.000263
1444, 0.000475, 0.000298, 0.000293
1445, 0.000466, 0.000274, 0.000271
1446, 0.000462, 0.000268, 0.000265
1447, 0.000467, 0.000313, 0.000308
1448, 0.000471, 0.000264, 0.000261
1449, 0.000473, 0.000304, 0.000300
1450, 0.000466, 0.000276, 0.000272
1451, 0.000465, 0.000268, 0.000265
1452, 0.000466, 0.000319, 0.000314
1453, 0.000474, 0.000264, 0.000261
1454, 0.000473, 0.000304, 0.000298
1455, 0.000467, 0.000274, 0.000272
1456, 0.000464, 0.000269, 0.000264
1457, 0.000462, 0.000294, 0.000288
1458, 0.000465, 0.000267, 0.000265
1459, 0.000468, 0.000301, 0.000296
1460, 0.000469, 0.000269, 0.000265
1461, 0.000461, 0.000276, 0.000273
1462, 0.000460, 0.000289, 0.000283
1463, 0.000463, 0.000263, 0.000260
1464, 0.000467, 0.000300, 0.000295
1465, 0.000466, 0.000268, 0.000263
1466, 0.000465, 0.000276, 0.000272
1467, 0.000462, 0.000291, 0.000286
1468, 0.000465, 0.000263, 0.000259
1469, 0.000467, 0.000308, 0.000304
1470, 0.000472, 0.000265, 0.000262
1471, 0.000467, 0.000284, 0.000279
1472, 0.000461, 0.000283, 0.000279
1473, 0.000462, 0.000269, 0.000265
1474, 0.000462, 0.000302, 0.000296
1475, 0.000467, 0.000263, 0.000260
1476, 0.000470, 0.000312, 0.000304
1477, 0.000471, 0.000264, 0.000260
1478, 0.000462, 0.000282, 0.000278
1479, 0.000462, 0.000289, 0.000283
1480, 0.000463, 0.000262, 0.000259
1481, 0.000464, 0.000310, 0.000305
1482, 0.000467, 0.000265, 0.000260
1483, 0.000461, 0.000271, 0.000267
1484, 0.000457, 0.000300, 0.000296
1485, 0.000465, 0.000262, 0.000258
1486, 0.000463, 0.000293, 0.000287
1487, 0.000460, 0.000277, 0.000273
1488, 0.000460, 0.000267, 0.000262
1489, 0.000458, 0.000285, 0.000279
1490, 0.000462, 0.000273, 0.000270
1491, 0.000459, 0.000272, 0.000268
1492, 0.000456, 0.000279, 0.000274
1493, 0.000457, 0.000274, 0.000272
1494, 0.000456, 0.000274, 0.000270
1495, 0.000456, 0.000279, 0.000274
1496, 0.000456, 0.000268, 0.000266
1497, 0.000461, 0.000291, 0.000285
1498, 0.000460, 0.000262, 0.000258
1499, 0.000457, 0.000289, 0.000284
1500, 0.000458, 0.000273, 0.000266
1501, 0.000455, 0.000269, 0.000265
1502, 0.000456, 0.000288, 0.000283
1503, 0.000456, 0.000267, 0.000262
1504, 0.000457, 0.000272, 0.000267
1505, 0.000453, 0.000283, 0.000279
1506, 0.000458, 0.000267, 0.000263
1507, 0.000456, 0.000277, 0.000272
1508, 0.000452, 0.000278, 0.000275
1509, 0.000455, 0.000268, 0.000262
1510, 0.000454, 0.000280, 0.000275
1511, 0.000453, 0.000273, 0.000269
1512, 0.000455, 0.000270, 0.000265
1513, 0.000454, 0.000278, 0.000272
1514, 0.000454, 0.000270, 0.000266
1515, 0.000455, 0.000277, 0.000272
1516, 0.000452, 0.000274, 0.000269
1517, 0.000453, 0.000269, 0.000266
1518, 0.000453, 0.000282, 0.000277
1519, 0.000452, 0.000268, 0.000264
1520, 0.000454, 0.000280, 0.000276
1521, 0.000453, 0.000270, 0.000266
1522, 0.000452, 0.000272, 0.000267
1523, 0.000452, 0.000278, 0.000272
1524, 0.000456, 0.000270, 0.000265
1525, 0.000453, 0.000276, 0.000271
1526, 0.000452, 0.000269, 0.000264
1527, 0.000455, 0.000286, 0.000280
1528, 0.000455, 0.000261, 0.000257
1529, 0.000454, 0.000282, 0.000278
1530, 0.000453, 0.000269, 0.000264
1531, 0.000453, 0.000269, 0.000265
1532, 0.000452, 0.000284, 0.000280
1533, 0.000452, 0.000266, 0.000261
1534, 0.000454, 0.000288, 0.000284
1535, 0.000452, 0.000266, 0.000262
1536, 0.000449, 0.000275, 0.000268
1537, 0.000452, 0.000284, 0.000279
1538, 0.000452, 0.000260, 0.000256
1539, 0.000450, 0.000289, 0.000282
1540, 0.000454, 0.000265, 0.000262
1541, 0.000453, 0.000283, 0.000278
1542, 0.000452, 0.000266, 0.000261
1543, 0.000449, 0.000275, 0.000272
1544, 0.000448, 0.000272, 0.000268
1545, 0.000451, 0.000268, 0.000263
1546, 0.000451, 0.000275, 0.000272
1547, 0.000450, 0.000274, 0.000270
1548, 0.000451, 0.000265, 0.000261
1549, 0.000448, 0.000293, 0.000289
1550, 0.000453, 0.000258, 0.000255
1551, 0.000454, 0.000294, 0.000288
1552, 0.000453, 0.000266, 0.000262
1553, 0.000449, 0.000267, 0.000262
1554, 0.000449, 0.000292, 0.000286
1555, 0.000452, 0.000258, 0.000254
1556, 0.000454, 0.000308, 0.000301
1557, 0.000459, 0.000258, 0.000254
1558, 0.000451, 0.000278, 0.000273
1559, 0.000448, 0.000271, 0.000267
1560, 0.000448, 0.000266, 0.000262
1561, 0.000447, 0.000273, 0.000268
1562, 0.000448, 0.000269, 0.000264
1563, 0.000445, 0.000266, 0.000261
1564, 0.000444, 0.000277, 0.000272
1565, 0.000444, 0.000260, 0.000255
1566, 0.000446, 0.000284, 0.000278
1567, 0.000451, 0.000263, 0.000259
1568, 0.000447, 0.000278, 0.000272
1569, 0.000447, 0.000265, 0.000261
1570, 0.000448, 0.000285, 0.000279
1571, 0.000448, 0.000259, 0.000255
1572, 0.000449, 0.000287, 0.000281
1573, 0.000448, 0.000259, 0.000255
1574, 0.000448, 0.000281, 0.000276
1575, 0.000445, 0.000262, 0.000257
1576, 0.000445, 0.000271, 0.000266
1577, 0.000445, 0.000270, 0.000264
1578, 0.000442, 0.000259, 0.000254
1579, 0.000448, 0.000290, 0.000285
1580, 0.000450, 0.000255, 0.000250
1581, 0.000449, 0.000288, 0.000282
1582, 0.000447, 0.000260, 0.000256
1583, 0.000448, 0.000284, 0.000278
1584, 0.000446, 0.000265, 0.000260
1585, 0.000445, 0.000264, 0.000259
1586, 0.000443, 0.000282, 0.000275
1587, 0.000446, 0.000261, 0.000256
1588, 0.000444, 0.000266, 0.000261
1589, 0.000444, 0.000292, 0.000286
1590, 0.000448, 0.000253, 0.000249
1591, 0.000452, 0.000323, 0.000317
1592, 0.000459, 0.000249, 0.000245
1593, 0.000458, 0.000299, 0.000293
1594, 0.000448, 0.000263, 0.000258
1595, 0.000443, 0.000254, 0.000249
1596, 0.000443, 0.000305, 0.000298
1597, 0.000450, 0.000250, 0.000246
1598, 0.000454, 0.000303, 0.000296
1599, 0.000451, 0.000252, 0.000247
1600, 0.000443, 0.000266, 0.000261
1601, 0.000442, 0.000278, 0.000273
1602, 0.000441, 0.000252, 0.000248
1603, 0.000446, 0.000297, 0.000291
1604, 0.000446, 0.000251, 0.000246
1605, 0.000443, 0.000268, 0.000263
1606, 0.000441, 0.000274, 0.000268
1607, 0.000440, 0.000248, 0.000243
1608, 0.000442, 0.000293, 0.000287
1609, 0.000446, 0.000255, 0.000251
1610, 0.000444, 0.000265, 0.000259
1611, 0.000439, 0.000272, 0.000266
1612, 0.000440, 0.000259, 0.000254
1613, 0.000439, 0.000265, 0.000259
1614, 0.000441, 0.000272, 0.000266
1615, 0.000438, 0.000257, 0.000252
1616, 0.000442, 0.000279, 0.000272
1617, 0.000440, 0.000254, 0.000249
1618, 0.000442, 0.000274, 0.000269
1619, 0.000440, 0.000261, 0.000256
1620, 0.000439, 0.000254, 0.000249
1621, 0.000440, 0.000300, 0.000293
1622, 0.000445, 0.000246, 0.000241
1623, 0.000448, 0.000293, 0.000285
1624, 0.000443, 0.000255, 0.000250
1625, 0.000441, 0.000258, 0.000252
1626, 0.000437, 0.000292, 0.000284
1627, 0.000441, 0.000248, 0.000244
1628, 0.000447, 0.000300, 0.000292
1629, 0.000446, 0.000248, 0.000243
1630, 0.000440, 0.000265, 0.000260
1631, 0.000439, 0.000273, 0.000266
1632, 0.000439, 0.000248, 0.000243
1633, 0.000441, 0.000293, 0.000285
1634, 0.000442, 0.000247, 0.000242
1635, 0.000439, 0.000271, 0.000264
1636, 0.000439, 0.000258, 0.000252
1637, 0.000436, 0.000258, 0.000252
1638, 0.000435, 0.000274, 0.000268
1639, 0.000436, 0.000253, 0.000247
1640, 0.000435, 0.000269, 0.000263
1641, 0.000438, 0.000257, 0.000251
1642, 0.000435, 0.000258, 0.000252
1643, 0.000434, 0.000260, 0.000254
1644, 0.000434, 0.000261, 0.000254
1645, 0.000434, 0.000263, 0.000256
1646, 0.000435, 0.000260, 0.000254
1647, 0.000432, 0.000256, 0.000249
1648, 0.000435, 0.000268, 0.000262
1649, 0.000433, 0.000256, 0.000250
1650, 0.000435, 0.000264, 0.000256
1651, 0.000439, 0.000261, 0.000255
1652, 0.000433, 0.000265, 0.000259
1653, 0.000433, 0.000256, 0.000250
1654, 0.000435, 0.000268, 0.000262
1655, 0.000433, 0.000260, 0.000253
1656, 0.000428, 0.000253, 0.000246
1657, 0.000436, 0.000278, 0.000272
1658, 0.000436, 0.000250, 0.000243
1659, 0.000434, 0.000268, 0.000260
1660, 0.000433, 0.000263, 0.000258
1661, 0.000434, 0.000255, 0.000250
1662, 0.000432, 0.000274, 0.000267
1663, 0.000433, 0.000255, 0.000251
1664, 0.000436, 0.000269, 0.000262
1665, 0.000430, 0.000253, 0.000246
1666, 0.000432, 0.000269, 0.000263
1667, 0.000434, 0.000256, 0.000249
1668, 0.000431, 0.000255, 0.000248
1669, 0.000430, 0.000265, 0.000258
1670, 0.000431, 0.000248, 0.000242
1671, 0.000434, 0.000278, 0.000269
1672, 0.000435, 0.000245, 0.000239
1673, 0.000433, 0.000291, 0.000283
1674, 0.000438, 0.000244, 0.000238
1675, 0.000436, 0.000284, 0.000276
1676, 0.000431, 0.000256, 0.000250
1677, 0.000427, 0.000248, 0.000242
1678, 0.000430, 0.000284, 0.000276
1679, 0.000433, 0.000241, 0.000236
1680, 0.000435, 0.000288, 0.000281
1681, 0.000434, 0.000248, 0.000242
1682, 0.000430, 0.000256, 0.000250
1683, 0.000425, 0.000276, 0.000268
1684, 0.000431, 0.000239, 0.000234
1685, 0.000435, 0.000295, 0.000286
1686, 0.000435, 0.000244, 0.000238
1687, 0.000431, 0.000261, 0.000254
1688, 0.000427, 0.000267, 0.000260
1689, 0.000427, 0.000246, 0.000240
1690, 0.000428, 0.000282, 0.000274
1691, 0.000431, 0.000246, 0.000240
1692, 0.000427, 0.000259, 0.000252
1693, 0.000425, 0.000273, 0.000265
1694, 0.000427, 0.000244, 0.000237
1695, 0.000428, 0.000280, 0.000270
1696, 0.000428, 0.000242, 0.000236
1697, 0.000429, 0.000267, 0.000259
1698, 0.000426, 0.000252, 0.000245
1699, 0.000425, 0.000249, 0.000242
1700, 0.000426, 0.000272, 0.000265
1701, 0.000426, 0.000244, 0.000238
1702, 0.000426, 0.000272, 0.000264
1703, 0.000428, 0.000251, 0.000244
1704, 0.000426, 0.000252, 0.000244
1705, 0.000422, 0.000265, 0.000257
1706, 0.000423, 0.000246, 0.000240
1707, 0.000425, 0.000271, 0.000262
1708, 0.000425, 0.000248, 0.000241
1709, 0.000424, 0.000260, 0.000252
1710, 0.000423, 0.000255, 0.000248
1711, 0.000422, 0.000251, 0.000244
1712, 0.000422, 0.000257, 0.000251
1713, 0.000424, 0.000255, 0.000248
1714, 0.000422, 0.000256, 0.000249
1715, 0.000421, 0.000257, 0.000251
1716, 0.000423, 0.000258, 0.000251
1717, 0.000422, 0.000242, 0.000236
1718, 0.000424, 0.000281, 0.000274
1719, 0.000427, 0.000236, 0.000230
1720, 0.000430, 0.000289, 0.000281
1721, 0.000430, 0.000238, 0.000232
1722, 0.000424, 0.000259, 0.000251
1723, 0.000422, 0.000262, 0.000254
1724, 0.000421, 0.000241, 0.000234
1725, 0.000425, 0.000281, 0.000273
1726, 0.000425, 0.000239, 0.000232
1727, 0.000423, 0.000268, 0.000262
1728, 0.000423, 0.000246, 0.000239
1729, 0.000420, 0.000257, 0.000250
1730, 0.000416, 0.000261, 0.000254
1731, 0.000420, 0.000244, 0.000237
1732, 0.000423, 0.000279, 0.000270
1733, 0.000425, 0.000238, 0.000232
1734, 0.000425, 0.000278, 0.000269
1735, 0.000421, 0.000241, 0.000233
1736, 0.000419, 0.000254, 0.000248
1737, 0.000420, 0.000264, 0.000256
1738, 0.000419, 0.000237, 0.000230
1739, 0.000422, 0.000280, 0.000272
1740, 0.000422, 0.000238, 0.000231
1741, 0.000421, 0.000264, 0.000255
1742, 0.000419, 0.000245, 0.000239
1743, 0.000419, 0.000259, 0.000251
1744, 0.000416, 0.000254, 0.000245
1745, 0.000419, 0.000253, 0.000246
1746, 0.000419, 0.000260, 0.000252
1747, 0.000416, 0.000241, 0.000233
1748, 0.000421, 0.000274, 0.000267
1749, 0.000422, 0.000241, 0.000233
1750, 0.000418, 0.000266, 0.000256
1751, 0.000418, 0.000248, 0.000241
1752, 0.000417, 0.000255, 0.000247
1753, 0.000417, 0.000252, 0.000244
1754, 0.000415, 0.000244, 0.000237
1755, 0.000416, 0.000262, 0.000253
1756, 0.000416, 0.000243, 0.000236
1757, 0.000417, 0.000262, 0.000254
1758, 0.000417, 0.000245, 0.000237
1759, 0.000416, 0.000253, 0.000246
1760, 0.000415, 0.000257, 0.000248
1761, 0.000416, 0.000239, 0.000231
1762, 0.000416, 0.000268, 0.000261
1763, 0.000417, 0.000241, 0.000233
1764, 0.000416, 0.000260, 0.000251
1765, 0.000414, 0.000247, 0.000239
1766, 0.000416, 0.000253, 0.000243
1767, 0.000413, 0.000260, 0.000251
1768, 0.000416, 0.000235, 0.000229
1769, 0.000418, 0.000277, 0.000267
1770, 0.000418, 0.000232, 0.000225
1771, 0.000415, 0.000260, 0.000252
1772, 0.000413, 0.000250, 0.000242
1773, 0.000411, 0.000238, 0.000230
1774, 0.000414, 0.000270, 0.000260
1775, 0.000414, 0.000232, 0.000225
1776, 0.000416, 0.000280, 0.000269
1777, 0.000417, 0.000233, 0.000226
1778, 0.000415, 0.000263, 0.000254
1779, 0.000412, 0.000248, 0.000239
1780, 0.000411, 0.000246, 0.000239
1781, 0.000411, 0.000258, 0.000250
1782, 0.000413, 0.000236, 0.000228
1783, 0.000414, 0.000270, 0.000262
1784, 0.000414, 0.000233, 0.000226
1785, 0.000414, 0.000261, 0.000251
1786, 0.000415, 0.000243, 0.000235
1787, 0.000411, 0.000242, 0.000234
1788, 0.000410, 0.000260, 0.000250
1789, 0.000411, 0.000229, 0.000221
1790, 0.000413, 0.000275, 0.000265
1791, 0.000412, 0.000234, 0.000227
1792, 0.000410, 0.000244, 0.000236
1793, 0.000408, 0.000267, 0.000258
1794, 0.000410, 0.000228, 0.000220
1795, 0.000415, 0.000281, 0.000269
1796, 0.000415, 0.000228, 0.000220
1797, 0.000412, 0.000262, 0.000251
1798, 0.000408, 0.000247, 0.000237
1799, 0.000407, 0.000237, 0.000229
1800, 0.000409, 0.000275, 0.000264
1801, 0.000412, 0.000228, 0.000221
1802, 0.000411, 0.000265, 0.000255
1803, 0.000409, 0.000240, 0.000231
1804, 0.000409, 0.000243, 0.000235
1805, 0.000407, 0.000252, 0.000241
1806, 0.000407, 0.000239, 0.000230
1807, 0.000406, 0.000248, 0.000240
1808, 0.000407, 0.000246, 0.000236
1809, 0.000405, 0.000236, 0.000228
1810, 0.000406, 0.000254, 0.000244
1811, 0.000405, 0.000243, 0.000234
1812, 0.000404, 0.000237, 0.000228
1813, 0.000406, 0.000248, 0.000239
1814, 0.000406, 0.000244, 0.000235
1815, 0.000405, 0.000240, 0.000231
1816, 0.000405, 0.000258, 0.000249
1817, 0.000407, 0.000235, 0.000226
1818, 0.000406, 0.000256, 0.000245
1819, 0.000405, 0.000241, 0.000232
1820, 0.000402, 0.000241, 0.000231
1821, 0.000404, 0.000245, 0.000236
1822, 0.000403, 0.000238, 0.000229
1823, 0.000403, 0.000254, 0.000244
1824, 0.000403, 0.000237, 0.000227
1825, 0.000402, 0.000251, 0.000241
1826, 0.000401, 0.000243, 0.000233
1827, 0.000400, 0.000243, 0.000233
1828, 0.000401, 0.000251, 0.000241
1829, 0.000401, 0.000242, 0.000232
1830, 0.000405, 0.000244, 0.000234
1831, 0.000402, 0.000253, 0.000243
1832, 0.000404, 0.000229, 0.000220
1833, 0.000403, 0.000266, 0.000256
1834, 0.000404, 0.000229, 0.000220
1835, 0.000402, 0.000245, 0.000236
1836, 0.000400, 0.000255, 0.000246
1837, 0.000401, 0.000220, 0.000210
1838, 0.000411, 0.000299, 0.000287
1839, 0.000413, 0.000220, 0.000212
1840, 0.000411, 0.000278, 0.000266
1841, 0.000405, 0.000232, 0.000222
1842, 0.000401, 0.000237, 0.000227
1843, 0.000400, 0.000277, 0.000265
1844, 0.000404, 0.000222, 0.000213
1845, 0.000413, 0.000295, 0.000284
1846, 0.000415, 0.000216, 0.000208
1847, 0.000413, 0.000283, 0.000273
1848, 0.000409, 0.000227, 0.000218
1849, 0.000400, 0.000239, 0.000229
1850, 0.000401, 0.000264, 0.000254
1851, 0.000403, 0.000219, 0.000210
1852, 0.000407, 0.000294, 0.000282
1853, 0.000416, 0.000220, 0.000212
1854, 0.000410, 0.000263, 0.000252
1855, 0.000404, 0.000234, 0.000225
1856, 0.000399, 0.000230, 0.000222
1857, 0.000401, 0.000264, 0.000251
1858, 0.000401, 0.000224, 0.000214
1859, 0.000400, 0.000251, 0.000241
1860, 0.000399, 0.000240, 0.000228
1861, 0.000398, 0.000227, 0.000217
1862, 0.000398, 0.000264, 0.000253
1863, 0.000400, 0.000220, 0.000210
1864, 0.000402, 0.000255, 0.000244
1865, 0.000399, 0.000233, 0.000224
1866, 0.000397, 0.000231, 0.000220
1867, 0.000398, 0.000249, 0.000238
1868, 0.000397, 0.000227, 0.000218
1869, 0.000395, 0.000240, 0.000229
1870, 0.000397, 0.000235, 0.000225
1871, 0.000396, 0.000236, 0.000227
1872, 0.000397, 0.000236, 0.000226
1873, 0.000394, 0.000235, 0.000226
1874, 0.000394, 0.000240, 0.000230
1875, 0.000395, 0.000234, 0.000223
1876, 0.000394, 0.000236, 0.000225
1877, 0.000394, 0.000239, 0.000229
1878, 0.000395, 0.000223, 0.000213
1879, 0.000395, 0.000263, 0.000251
1880, 0.000398, 0.000217, 0.000207
1881, 0.000398, 0.000268, 0.000255
1882, 0.000396, 0.000221, 0.000211
1883, 0.000393, 0.000241, 0.000230
1884, 0.000391, 0.000235, 0.000224
1885, 0.000391, 0.000224, 0.000214
1886, 0.000393, 0.000251, 0.000240
1887, 0.000394, 0.000225, 0.000215
1888, 0.000391, 0.000232, 0.000222
1889, 0.000392, 0.000252, 0.000241
1890, 0.000392, 0.000219, 0.000209
1891, 0.000394, 0.000250, 0.000238
1892, 0.000391, 0.000226, 0.000216
1893, 0.000393, 0.000245, 0.000232
1894, 0.000393, 0.000225, 0.000215
1895, 0.000390, 0.000246, 0.000235
1896, 0.000393, 0.000223, 0.000212
1897, 0.000390, 0.000241, 0.000231
1898, 0.000391, 0.000231, 0.000221
1899, 0.000388, 0.000229, 0.000218
1900, 0.000389, 0.000242, 0.000231
1901, 0.000388, 0.000219, 0.000209
1902, 0.000391, 0.000257, 0.000244
1903, 0.000393, 0.000221, 0.000211
1904, 0.000390, 0.000242, 0.000230
1905, 0.000389, 0.000226, 0.000216
1906, 0.000387, 0.000236, 0.000225
1907, 0.000388, 0.000235, 0.000223
1908, 0.000385, 0.000224, 0.000213
1909, 0.000389, 0.000252, 0.000240
1910, 0.000389, 0.000218, 0.000208
1911, 0.000390, 0.000251, 0.000239
1912, 0.000389, 0.000224, 0.000213
1913, 0.000389, 0.000233, 0.000222
1914, 0.000386, 0.000242, 0.000229
1915, 0.000387, 0.000219, 0.000208
1916, 0.000388, 0.000250, 0.000237
1917, 0.000389, 0.000215, 0.000204
1918, 0.000388, 0.000245, 0.000233
1919, 0.000386, 0.000235, 0.000223
1920, 0.000387, 0.000218, 0.000207
1921, 0.000387, 0.000259, 0.000246
1922, 0.000389, 0.000213, 0.000202
1923, 0.000391, 0.000266, 0.000253
1924, 0.000391, 0.000213, 0.000203
1925, 0.000392, 0.000259, 0.000247
1926, 0.000390, 0.000220, 0.000209
1927, 0.000389, 0.000245, 0.000233
1928, 0.000384, 0.000219, 0.000208
1929, 0.000384, 0.000240, 0.000228
1930, 0.000384, 0.000225, 0.000214
1931, 0.000385, 0.000225, 0.000213
1932, 0.000384, 0.000249, 0.000236
1933, 0.000387, 0.000216, 0.000206
1934, 0.000387, 0.000243, 0.000231
1935, 0.000385, 0.000226, 0.000215
1936, 0.000383, 0.000225, 0.000214
1937, 0.000381, 0.000236, 0.000225
1938, 0.000382, 0.000222, 0.000211
1939, 0.000383, 0.000231, 0.000220
1940, 0.000382, 0.000228, 0.000216
1941, 0.000381, 0.000228, 0.000216
1942, 0.000381, 0.000236, 0.000223
1943, 0.000382, 0.000228, 0.000216
1944, 0.000380, 0.000222, 0.000211
1945, 0.000381, 0.000242, 0.000229
1946, 0.000385, 0.000216, 0.000205
1947, 0.000381, 0.000245, 0.000233
1948, 0.000380, 0.000221, 0.000211
1949, 0.000382, 0.000224, 0.000213
1950, 0.000381, 0.000248, 0.000236
1951, 0.000382, 0.000209, 0.000199
1952, 0.000386, 0.000270, 0.000257
1953, 0.000389, 0.000205, 0.000195
1954, 0.000392, 0.000272, 0.000259
1955, 0.000388, 0.000214, 0.000203
1956, 0.000380, 0.000227, 0.000215
1957, 0.000380, 0.000250, 0.000237
1958, 0.000382, 0.000206, 0.000196
1959, 0.000384, 0.000266, 0.000252
1960, 0.000386, 0.000208, 0.000197
1961, 0.000385, 0.000251, 0.000238
1962, 0.000379, 0.000218, 0.000206
1963, 0.000379, 0.000224, 0.000210
1964, 0.000380, 0.000247, 0.000233
1965, 0.000381, 0.000210, 0.000199
1966, 0.000384, 0.000251, 0.000237
1967, 0.000381, 0.000217, 0.000206
1968, 0.000378, 0.000221, 0.000210
1969, 0.000380, 0.000251, 0.000238
1970, 0.000382, 0.000207, 0.000196
1971, 0.000382, 0.000254, 0.000240
1972, 0.000380, 0.000221, 0.000208
1973, 0.000377, 0.000217, 0.000205
1974, 0.000378, 0.000249, 0.000236
1975, 0.000381, 0.000205, 0.000193
1976, 0.000383, 0.000264, 0.000251
1977, 0.000383, 0.000203, 0.000192
1978, 0.000381, 0.000249, 0.000237
1979, 0.000380, 0.000217, 0.000206
1980, 0.000375, 0.000217, 0.000205
1981, 0.000375, 0.000242, 0.000229
1982, 0.000379, 0.000209, 0.000198
1983, 0.000376, 0.000235, 0.000222
1984, 0.000376, 0.000218, 0.000206
1985, 0.000375, 0.000221, 0.000210
1986, 0.000375, 0.000229, 0.000217
1987, 0.000373, 0.000217, 0.000206
1988, 0.000375, 0.000233, 0.000222
1989, 0.000375, 0.000216, 0.000204
1990, 0.000377, 0.000232, 0.000220
1991, 0.000375, 0.000219, 0.000207
1992, 0.000372, 0.000228, 0.000214
1993, 0.000374, 0.000222, 0.000209
1994, 0.000374, 0.000230, 0.000216
1995, 0.000375, 0.000220, 0.000206
1996, 0.000375, 0.000226, 0.000213
1997, 0.000373, 0.000220, 0.000208
1998, 0.000372, 0.000227, 0.000214
1999, 0.000375, 0.000217, 0.000205
2000, 0.000371, 0.000223, 0.000210
2001, 0.000370, 0.000229, 0.000216
2002, 0.000371, 0.000213, 0.000201
2003, 0.000374, 0.000235, 0.000221
2004, 0.000371, 0.000215, 0.000202
2005, 0.000371, 0.000221, 0.000209
2006, 0.000370, 0.000227, 0.000214
2007, 0.000371, 0.000215, 0.000203
2008, 0.000370, 0.000232, 0.000220
2009, 0.000370, 0.000214, 0.000201
2010, 0.000373, 0.000230, 0.000217
2011, 0.000372, 0.000220, 0.000207
2012, 0.000371, 0.000219, 0.000206
2013, 0.000372, 0.000235, 0.000221
2014, 0.000371, 0.000210, 0.000197
2015, 0.000371, 0.000246, 0.000232
2016, 0.000371, 0.000209, 0.000197
2017, 0.000372, 0.000236, 0.000223
2018, 0.000371, 0.000221, 0.000207
2019, 0.000369, 0.000215, 0.000202
2020, 0.000368, 0.000239, 0.000225
2021, 0.000372, 0.000199, 0.000186
2022, 0.000376, 0.000271, 0.000256
2023, 0.000379, 0.000198, 0.000186
2024, 0.000379, 0.000250, 0.000236
2025, 0.000371, 0.000215, 0.000203
2026, 0.000368, 0.000219, 0.000206
2027, 0.000369, 0.000235, 0.000222
2028, 0.000369, 0.000197, 0.000186
2029, 0.000380, 0.000285, 0.000270
2030, 0.000384, 0.000194, 0.000183
2031, 0.000386, 0.000289, 0.000273
2032, 0.000384, 0.000196, 0.000183
2033, 0.000375, 0.000241, 0.000227
2034, 0.000368, 0.000216, 0.000203
2035, 0.000367, 0.000205, 0.000193
2036, 0.000367, 0.000251, 0.000237
2037, 0.000371, 0.000196, 0.000184
2038, 0.000375, 0.000268, 0.000253
2039, 0.000378, 0.000196, 0.000184
2040, 0.000376, 0.000242, 0.000227
2041, 0.000370, 0.000207, 0.000194
2042, 0.000366, 0.000211, 0.000198
2043, 0.000364, 0.000237, 0.000222
2044, 0.000368, 0.000198, 0.000186
2045, 0.000369, 0.000237, 0.000224
2046, 0.000366, 0.000208, 0.000195
2047, 0.000365, 0.000209, 0.000197
2048, 0.000365, 0.000242, 0.000229
2049, 0.000369, 0.000193, 0.000181
2050, 0.000370, 0.000256, 0.000241
2051, 0.000370, 0.000198, 0.000185
2052, 0.000367, 0.000221, 0.000207
2053, 0.000362, 0.000223, 0.000208
2054, 0.000364, 0.000205, 0.000191
2055, 0.000363, 0.000222, 0.000208
2056, 0.000363, 0.000213, 0.000199
2057, 0.000365, 0.000206, 0.000193
2058, 0.000363, 0.000237, 0.000222
2059, 0.000367, 0.000199, 0.000186
2060, 0.000367, 0.000238, 0.000223
2061, 0.000365, 0.000205, 0.000192
2062, 0.000362, 0.000214, 0.000200
2063, 0.000361, 0.000220, 0.000206
2064, 0.000361, 0.000202, 0.000189
2065, 0.000360, 0.000228, 0.000214
2066, 0.000361, 0.000206, 0.000192
2067, 0.000365, 0.000218, 0.000205
2068, 0.000363, 0.000218, 0.000203
2069, 0.000362, 0.000209, 0.000194
2070, 0.000359, 0.000215, 0.000201
2071, 0.000360, 0.000218, 0.000205
2072, 0.000363, 0.000209, 0.000194
2073, 0.000361, 0.000223, 0.000209
2074, 0.000360, 0.000212, 0.000200
2075, 0.000362, 0.000216, 0.000202
2076, 0.000361, 0.000221, 0.000207
2077, 0.000361, 0.000208, 0.000196
2078, 0.000363, 0.000219, 0.000204
2079, 0.000360, 0.000212, 0.000197
2080, 0.000358, 0.000210, 0.000197
2081, 0.000358, 0.000229, 0.000213
2082, 0.000359, 0.000199, 0.000185
2083, 0.000361, 0.000238, 0.000223
2084, 0.000363, 0.000202, 0.000189
2085, 0.000360, 0.000218, 0.000204
2086, 0.000358, 0.000223, 0.000209
2087, 0.000360, 0.000202, 0.000188
2088, 0.000358, 0.000226, 0.000212
2089, 0.000358, 0.000210, 0.000197
2090, 0.000356, 0.000214, 0.000200
2091, 0.000357, 0.000208, 0.000195
2092, 0.000356, 0.000214, 0.000200
2093, 0.000355, 0.000208, 0.000194
2094, 0.000355, 0.000213, 0.000200
2095, 0.000355, 0.000213, 0.000199
2096, 0.000355, 0.000210, 0.000196
2097, 0.000356, 0.000214, 0.000200
2098, 0.000355, 0.000212, 0.000197
2099, 0.000357, 0.000210, 0.000196
2100, 0.000357, 0.000222, 0.000208
2101, 0.000356, 0.000205, 0.000191
2102, 0.000357, 0.000236, 0.000222
2103, 0.000357, 0.000192, 0.000180
2104, 0.000360, 0.000249, 0.000232
2105, 0.000363, 0.000196, 0.000183
2106, 0.000360, 0.000232, 0.000218
2107, 0.000356, 0.000207, 0.000193
2108, 0.000354, 0.000206, 0.000192
2109, 0.000353, 0.000229, 0.000214
2110, 0.000357, 0.000200, 0.000186
2111, 0.000355, 0.000221, 0.000206
2112, 0.000354, 0.000210, 0.000195
2113, 0.000354, 0.000212, 0.000197
2114, 0.000354, 0.000218, 0.000203
2115, 0.000355, 0.000212, 0.000197
2116, 0.000353, 0.000218, 0.000203
2117, 0.000351, 0.000211, 0.000196
2118, 0.000354, 0.000214, 0.000199
2119, 0.000353, 0.000220, 0.000205
2120, 0.000353, 0.000203, 0.000188
2121, 0.000352, 0.000231, 0.000215
2122, 0.000350, 0.000200, 0.000186
2123, 0.000355, 0.000213, 0.000198
2124, 0.000352, 0.000211, 0.000197
2125, 0.000351, 0.000199, 0.000185
2126, 0.000353, 0.000229, 0.000214
2127, 0.000354, 0.000195, 0.000181
2128, 0.000353, 0.000237, 0.000222
2129, 0.000356, 0.000201, 0.000186
2130, 0.000352, 0.000228, 0.000212
2131, 0.000352, 0.000208, 0.000194
2132, 0.000353, 0.000213, 0.000198
2133, 0.000352, 0.000219, 0.000203
2134, 0.000350, 0.000203, 0.000190
2135, 0.000351, 0.000225, 0.000210
2136, 0.000350, 0.000198, 0.000184
2137, 0.000353, 0.000226, 0.000211
2138, 0.000351, 0.000199, 0.000183
2139, 0.000350, 0.000215, 0.000199
2140, 0.000349, 0.000231, 0.000216
2141, 0.000354, 0.000188, 0.000174
2142, 0.000358, 0.000275, 0.000257
2143, 0.000362, 0.000183, 0.000170
2144, 0.000363, 0.000268, 0.000252
2145, 0.000362, 0.000192, 0.000179
2146, 0.000357, 0.000227, 0.000213
2147, 0.000347, 0.000216, 0.000201
2148, 0.000349, 0.000194, 0.000180
2149, 0.000350, 0.000235, 0.000218
2150, 0.000350, 0.000193, 0.000179
2151, 0.000353, 0.000222, 0.000206
2152, 0.000348, 0.000208, 0.000193
2153, 0.000348, 0.000201, 0.000186
2154, 0.000348, 0.000222, 0.000207
2155, 0.000348, 0.000200, 0.000185
2156, 0.000346, 0.000212, 0.000197
2157, 0.000347, 0.000210, 0.000196
2158, 0.000347, 0.000198, 0.000184
2159, 0.000347, 0.000224, 0.000210
2160, 0.000347, 0.000195, 0.000181
2161, 0.000348, 0.000227, 0.000211
2162, 0.000351, 0.000194, 0.000181
2163, 0.000347, 0.000225, 0.000209
2164, 0.000348, 0.000205, 0.000189
2165, 0.000349, 0.000210, 0.000195
2166, 0.000344, 0.000208, 0.000193
2167, 0.000345, 0.000221, 0.000204
2168, 0.000350, 0.000197, 0.000183
2169, 0.000348, 0.000234, 0.000217
2170, 0.000349, 0.000194, 0.000179
2171, 0.000350, 0.000232, 0.000217
2172, 0.000348, 0.000195, 0.000180
2173, 0.000348, 0.000230, 0.000215
2174, 0.000347, 0.000194, 0.000180
2175, 0.000346, 0.000222, 0.000207
2176, 0.000346, 0.000200, 0.000185
2177, 0.000346, 0.000214, 0.000199
2178, 0.000341, 0.000204, 0.000189
2179, 0.000342, 0.000209, 0.000194
2180, 0.000345, 0.000207, 0.000192
2181, 0.000344, 0.000212, 0.000196
2182, 0.000344, 0.000203, 0.000187
2183, 0.000342, 0.000215, 0.000198
2184, 0.000344, 0.000195, 0.000180
2185, 0.000344, 0.000226, 0.000210
2186, 0.000343, 0.000196, 0.000181
2187, 0.000343, 0.000222, 0.000206
2188, 0.000342, 0.000204, 0.000189
2189, 0.000342, 0.000199, 0.000184
2190, 0.000342, 0.000226, 0.000210
2191, 0.000343, 0.000191, 0.000177
2192, 0.000344, 0.000232, 0.000216
2193, 0.000345, 0.000192, 0.000177
2194, 0.000346, 0.000218, 0.000202
2195, 0.000342, 0.000202, 0.000187
2196, 0.000342, 0.000210, 0.000194
2197, 0.000340, 0.000222, 0.000206
2198, 0.000343, 0.000187, 0.000172
2199, 0.000346, 0.000243, 0.000226
2200, 0.000347, 0.000184, 0.000170
2201, 0.000346, 0.000239, 0.000223
2202, 0.000348, 0.000189, 0.000174
2203, 0.000343, 0.000225, 0.000209
2204, 0.000340, 0.000201, 0.000187
2205, 0.000341, 0.000203, 0.000187
2206, 0.000341, 0.000230, 0.000213
2207, 0.000341, 0.000182, 0.000168
2208, 0.000347, 0.000267, 0.000248
2209, 0.000351, 0.000178, 0.000163
2210, 0.000349, 0.000246, 0.000229
2211, 0.000344, 0.000192, 0.000177
2212, 0.000342, 0.000199, 0.000183
2213, 0.000342, 0.000232, 0.000216
2214, 0.000342, 0.000180, 0.000166
2215, 0.000346, 0.000252, 0.000235
2216, 0.000348, 0.000177, 0.000163
2217, 0.000345, 0.000228, 0.000212
2218, 0.000341, 0.000206, 0.000190
2219, 0.000338, 0.000189, 0.000174
2220, 0.000341, 0.000245, 0.000228
2221, 0.000345, 0.000181, 0.000165
2222, 0.000345, 0.000238, 0.000219
2223, 0.000343, 0.000191, 0.000176
2224, 0.000342, 0.000214, 0.000198
2225, 0.000338, 0.000211, 0.000195
2226, 0.000337, 0.000189, 0.000174
2227, 0.000339, 0.000229, 0.000212
2228, 0.000340, 0.000184, 0.000168
2229, 0.000343, 0.000228, 0.000210
2230, 0.000339, 0.000189, 0.000173
2231, 0.000339, 0.000214, 0.000196
2232, 0.000337, 0.000201, 0.000185
2233, 0.000337, 0.000198, 0.000183
2234, 0.000336, 0.000213, 0.000196
2235, 0.000338, 0.000191, 0.000176
2236, 0.000338, 0.000225, 0.000209
2237, 0.000337, 0.000187, 0.000172
2238, 0.000338, 0.000225, 0.000209
2239, 0.000338, 0.000190, 0.000175
2240, 0.000338, 0.000206, 0.000189
2241, 0.000335, 0.000211, 0.000195
2242, 0.000334, 0.000186, 0.000172
2243, 0.000336, 0.000224, 0.000207
2244, 0.000336, 0.000193, 0.000178
2245, 0.000336, 0.000201, 0.000185
2246, 0.000335, 0.000223, 0.000206
2247, 0.000337, 0.000178, 0.000163
2248, 0.000340, 0.000257, 0.000238
2249, 0.000344, 0.000176, 0.000162
2250, 0.000343, 0.000232, 0.000214
2251, 0.000336, 0.000190, 0.000174
2252, 0.000337, 0.000211, 0.000197
2253, 0.000332, 0.000202, 0.000186
2254, 0.000333, 0.000195, 0.000179
2255, 0.000332, 0.000216, 0.000200
2256, 0.000333, 0.000189, 0.000173
2257, 0.000332, 0.000211, 0.000194
2258, 0.000331, 0.000202, 0.000186
2259, 0.000332, 0.000201, 0.000185
2260, 0.000332, 0.000202, 0.000186
2261, 0.000332, 0.000209, 0.000192
2262, 0.000330, 0.000196, 0.000180
2263, 0.000334, 0.000206, 0.000189
2264, 0.000330, 0.000188, 0.000173
2265, 0.000334, 0.000227, 0.000209
2266, 0.000333, 0.000189, 0.000173
2267, 0.000330, 0.000201, 0.000185
2268, 0.000330, 0.000209, 0.000192
2269, 0.000329, 0.000185, 0.000170
2270, 0.000333, 0.000228, 0.000211
2271, 0.000333, 0.000190, 0.000174
2272, 0.000330, 0.000214, 0.000197
2273, 0.000330, 0.000197, 0.000181
2274, 0.000330, 0.000197, 0.000181
2275, 0.000329, 0.000204, 0.000187
2276, 0.000331, 0.000199, 0.000183
2277, 0.000329, 0.000209, 0.000192
2278, 0.000329, 0.000202, 0.000186
2279, 0.000331, 0.000198, 0.000182
2280, 0.000328, 0.000205, 0.000188
2281, 0.000330, 0.000204, 0.000188
2282, 0.000328, 0.000191, 0.000176
2283, 0.000329, 0.000226, 0.000210
2284, 0.000330, 0.000186, 0.000171
2285, 0.000331, 0.000227, 0.000210
2286, 0.000332, 0.000186, 0.000171
2287, 0.000331, 0.000214, 0.000197
2288, 0.000328, 0.000201, 0.000184
2289, 0.000330, 0.000206, 0.000189
2290, 0.000329, 0.000208, 0.000190
2291, 0.000327, 0.000197, 0.000180
2292, 0.000328, 0.000207, 0.000190
2293, 0.000328, 0.000192, 0.000175
2294, 0.000327, 0.000215, 0.000198
2295, 0.000327, 0.000199, 0.000183
2296, 0.000329, 0.000202, 0.000185
2297, 0.000326, 0.000210, 0.000194
2298, 0.000330, 0.000193, 0.000178
2299, 0.000329, 0.000216, 0.000199
2300, 0.000327, 0.000190, 0.000175
2301, 0.000326, 0.000208, 0.000191
2302, 0.000327, 0.000205, 0.000188
2303, 0.000327, 0.000203, 0.000186
2304, 0.000327, 0.000197, 0.000180
2305, 0.000325, 0.000212, 0.000194
2306, 0.000327, 0.000211, 0.000195
2307, 0.000328, 0.000184, 0.000168
2308, 0.000328, 0.000261, 0.000242
2309, 0.000336, 0.000169, 0.000155
2310, 0.000339, 0.000276, 0.000257
2311, 0.000342, 0.000167, 0.000152
2312, 0.000341, 0.000264, 0.000245
2313, 0.000340, 0.000174, 0.000159
2314, 0.000331, 0.000223, 0.000206
2315, 0.000327, 0.000204, 0.000188
2316, 0.000326, 0.000181, 0.000166
2317, 0.000327, 0.000245, 0.000227
2318, 0.000332, 0.000168, 0.000154
2319, 0.000337, 0.000274, 0.000256
2320, 0.000341, 0.000169, 0.000155
2321, 0.000337, 0.000235, 0.000218
2322, 0.000328, 0.000190, 0.000174
2323, 0.000323, 0.000188, 0.000171
2324, 0.000326, 0.000227, 0.000208
2325, 0.000326, 0.000180, 0.000164
2326, 0.000325, 0.000219, 0.000199
2327, 0.000324, 0.000185, 0.000169
2328, 0.000324, 0.000210, 0.000192
2329, 0.000322, 0.000189, 0.000172
2330, 0.000322, 0.000199, 0.000183
2331, 0.000321, 0.000199, 0.000182
2332, 0.000323, 0.000183, 0.000168
2333, 0.000322, 0.000220, 0.000202
2334, 0.000325, 0.000181, 0.000165
2335, 0.000321, 0.000220, 0.000201
2336, 0.000324, 0.000184, 0.000167
2337, 0.000325, 0.000211, 0.000193
2338, 0.000324, 0.000191, 0.000174
2339, 0.000319, 0.000198, 0.000182
2340, 0.000320, 0.000203, 0.000186
2341, 0.000317, 0.000186, 0.000170
2342, 0.000321, 0.000222, 0.000205
2343, 0.000323, 0.000174, 0.000158
2344, 0.000324, 0.000238, 0.000218
2345, 0.000327, 0.000175, 0.000159
2346, 0.000323, 0.000213, 0.000194
2347, 0.000320, 0.000200, 0.000183
2348, 0.000319, 0.000183, 0.000166
2349, 0.000319, 0.000223, 0.000204
2350, 0.000322, 0.000176, 0.000160
2351, 0.000322, 0.000227, 0.000209
2352, 0.000324, 0.000174, 0.000159
2353, 0.000326, 0.000228, 0.000210
2354, 0.000323, 0.000175, 0.000160
2355, 0.000321, 0.000231, 0.000212
2356, 0.000324, 0.000177, 0.000161
2357, 0.000320, 0.000207, 0.000189
2358, 0.000317, 0.000196, 0.000178
2359, 0.000316, 0.000197, 0.000179
2360, 0.000319, 0.000196, 0.000179
2361, 0.000316, 0.000210, 0.000192
2362, 0.000318, 0.000178, 0.000162
2363, 0.000320, 0.000230, 0.000211
2364, 0.000321, 0.000176, 0.000159
2365, 0.000318, 0.000215, 0.000197
2366, 0.000319, 0.000185, 0.000168
2367, 0.000317, 0.000199, 0.000181
2368, 0.000315, 0.000199, 0.000181
2369, 0.000315, 0.000192, 0.000175
2370, 0.000317, 0.000202, 0.000184
2371, 0.000316, 0.000189, 0.000172
2372, 0.000317, 0.000205, 0.000187
2373, 0.000316, 0.000185, 0.000168
2374, 0.000316, 0.000215, 0.000197
2375, 0.000317, 0.000191, 0.000174
2376, 0.000316, 0.000195, 0.000178
2377, 0.000314, 0.000215, 0.000197
2378, 0.000315, 0.000180, 0.000163
2379, 0.000316, 0.000216, 0.000198
2380, 0.000316, 0.000182, 0.000165
2381, 0.000317, 0.000216, 0.000199
2382, 0.000312, 0.000191, 0.000174
2383, 0.000313, 0.000191, 0.000174
2384, 0.000315, 0.000216, 0.000198
2385, 0.000315, 0.000182, 0.000165
2386, 0.000315, 0.000225, 0.000206
2387, 0.000317, 0.000172, 0.000156
2388, 0.000320, 0.000225, 0.000206
2389, 0.000315, 0.000187, 0.000171
2390, 0.000315, 0.000197, 0.000180
2391, 0.000313, 0.000216, 0.000198
2392, 0.000314, 0.000178, 0.000162
2393, 0.000316, 0.000239, 0.000221
2394, 0.000320, 0.000176, 0.000159
2395, 0.000319, 0.000236, 0.000218
2396, 0.000319, 0.000175, 0.000159
2397, 0.000315, 0.000224, 0.000205
2398, 0.000316, 0.000181, 0.000166
2399, 0.000318, 0.000204, 0.000186
2400, 0.000312, 0.000214, 0.000196
2401, 0.000311, 0.000175, 0.000160
2402, 0.000316, 0.000228, 0.000209
2403, 0.000315, 0.000184, 0.000167
2404, 0.000316, 0.000210, 0.000193
2405, 0.000314, 0.000192, 0.000175
2406, 0.000311, 0.000208, 0.000191
2407, 0.000311, 0.000187, 0.000171
2408, 0.000310, 0.000210, 0.000193
2409, 0.000312, 0.000185, 0.000168
2410, 0.000308, 0.000205, 0.000187
2411, 0.000310, 0.000198, 0.000181
2412, 0.000311, 0.000186, 0.000170
2413, 0.000310, 0.000211, 0.000194
2414, 0.000313, 0.000188, 0.000172
2415, 0.000311, 0.000197, 0.000181
2416, 0.000310, 0.000208, 0.000191
2417, 0.000309, 0.000183, 0.000168
2418, 0.000310, 0.000221, 0.000204
2419, 0.000309, 0.000178, 0.000162
2420, 0.000308, 0.000209, 0.000191
2421, 0.000308, 0.000200, 0.000182
2422, 0.000308, 0.000181, 0.000163
2423, 0.000312, 0.000231, 0.000211
2424, 0.000313, 0.000176, 0.000161
2425, 0.000314, 0.000234, 0.000215
2426, 0.000314, 0.000172, 0.000156
2427, 0.000314, 0.000237, 0.000220
2428, 0.000316, 0.000177, 0.000161
2429, 0.000311, 0.000212, 0.000194
2430, 0.000305, 0.000202, 0.000185
2431, 0.000309, 0.000186, 0.000169
2432, 0.000310, 0.000226, 0.000208
2433, 0.000308, 0.000177, 0.000162
2434, 0.000313, 0.000224, 0.000205
2435, 0.000310, 0.000196, 0.000179
2436, 0.000306, 0.000189, 0.000173
2437, 0.000306, 0.000214, 0.000196
2438, 0.000308, 0.000183, 0.000167
2439, 0.000307, 0.000215, 0.000198
2440, 0.000308, 0.000175, 0.000159
2441, 0.000309, 0.000227, 0.000209
2442, 0.000310, 0.000180, 0.000164
2443, 0.000307, 0.000204, 0.000186
2444, 0.000306, 0.000198, 0.000180
2445, 0.000306, 0.000192, 0.000174
2446, 0.000303, 0.000207, 0.000189
2447, 0.000306, 0.000184, 0.000167
2448, 0.000303, 0.000213, 0.000195
2449, 0.000307, 0.000181, 0.000164
2450, 0.000305, 0.000216, 0.000198
2451, 0.000304, 0.000187, 0.000170
2452, 0.000306, 0.000202, 0.000185
2453, 0.000304, 0.000197, 0.000181
2454, 0.000303, 0.000187, 0.000170
2455, 0.000305, 0.000221, 0.000203
2456, 0.000305, 0.000169, 0.000154
2457, 0.000307, 0.000257, 0.000237
2458, 0.000313, 0.000158, 0.000143
2459, 0.000317, 0.000264, 0.000244
2460, 0.000316, 0.000162, 0.000146
2461, 0.000314, 0.000241, 0.000221
2462, 0.000308, 0.000180, 0.000163
2463, 0.000302, 0.000183, 0.000166
2464, 0.000303, 0.000242, 0.000222
2465, 0.000309, 0.000160, 0.000145
2466, 0.000317, 0.000290, 0.000268
2467, 0.000324, 0.000157, 0.000142
2468, 0.000327, 0.000276, 0.000256
2469, 0.000322, 0.000163, 0.000147
2470, 0.000310, 0.000212, 0.000194
2471, 0.000304, 0.000212, 0.000194
2472, 0.000303, 0.000160, 0.000144
2473, 0.000311, 0.000270, 0.000251
2474, 0.000319, 0.000158, 0.000143
2475, 0.000313, 0.000228, 0.000210
2476, 0.000306, 0.000192, 0.000175
2477, 0.000304, 0.000167, 0.000151
2478, 0.000304, 0.000245, 0.000225
2479, 0.000309, 0.000163, 0.000147
2480, 0.000310, 0.000225, 0.000206
2481, 0.000305, 0.000183, 0.000166
2482, 0.000301, 0.000175, 0.000158
2483, 0.000303, 0.000234, 0.000214
2484, 0.000305, 0.000161, 0.000146
2485, 0.000309, 0.000215, 0.000197
2486, 0.000302, 0.000193, 0.000176
2487, 0.000297, 0.000172, 0.000156
2488, 0.000301, 0.000221, 0.000204
2489, 0.000303, 0.000171, 0.000155
2490, 0.000299, 0.000190, 0.000173
2491, 0.000298, 0.000211, 0.000194
2492, 0.000299, 0.000168, 0.000152
2493, 0.000303, 0.000227, 0.000208
2494, 0.000302, 0.000172, 0.000156
2495, 0.000298, 0.000194, 0.000176
2496, 0.000300, 0.000190, 0.000173
2497, 0.000297, 0.000182, 0.000165
2498, 0.000295, 0.000192, 0.000174
2499, 0.000297, 0.000188, 0.000170
2500, 0.000295, 0.000185, 0.000169
2501, 0.000299, 0.000194, 0.000177
2502, 0.000296, 0.000179, 0.000162
2503, 0.000297, 0.000206, 0.000189
2504, 0.000298, 0.000177, 0.000161
2505, 0.000298, 0.000205, 0.000187
2506, 0.000299, 0.000178, 0.000163
2507, 0.000299, 0.000196, 0.000178
2508, 0.000295, 0.000184, 0.000166
2509, 0.000297, 0.000195, 0.000178
2510, 0.000297, 0.000188, 0.000170
2511, 0.000295, 0.000198, 0.000180
2512, 0.000294, 0.000182, 0.000166
2513, 0.000298, 0.000198, 0.000180
2514, 0.000297, 0.000189, 0.000171
2515, 0.000296, 0.000196, 0.000180
2516, 0.000294, 0.000185, 0.000169
2517, 0.000294, 0.000194, 0.000176
2518, 0.000293, 0.000184, 0.000168
2519, 0.000294, 0.000192, 0.000175
2520, 0.000292, 0.000183, 0.000167
2521, 0.000294, 0.000209, 0.000192
2522, 0.000294, 0.000176, 0.000160
2523, 0.000294, 0.000203, 0.000184
2524, 0.000295, 0.000204, 0.000186
2525, 0.000292, 0.000164, 0.000148
2526, 0.000295, 0.000233, 0.000213
2527, 0.000299, 0.000168, 0.000153
2528, 0.000295, 0.000201, 0.000184
2529, 0.000292, nan, nan
