Epoch, Train Loss, Valid Loss, Test Loss
1, 0.504734, 0.542088, 0.543733
2, 0.434985, 0.475891, 0.478199
3, 0.381553, 0.417585, 0.420748
4, 0.341499, 0.369377, 0.373095
5, 0.311034, 0.331103, 0.335362
6, 0.287154, 0.306610, 0.310943
7, 0.270803, 0.286533, 0.290867
8, 0.256072, 0.269002, 0.273229
9, 0.241848, 0.251636, 0.255500
10, 0.226913, 0.234606, 0.238134
11, 0.211802, 0.218090, 0.221275
12, 0.196649, 0.202130, 0.204929
13, 0.181667, 0.187404, 0.189850
14, 0.167669, 0.173455, 0.175621
15, 0.154586, 0.159962, 0.161897
16, 0.142160, 0.147077, 0.148815
17, 0.130423, 0.134674, 0.136238
18, 0.119241, 0.122548, 0.123962
19, 0.108440, 0.110666, 0.111964
20, 0.097979, 0.099164, 0.100371
21, 0.087950, 0.088238, 0.089367
22, 0.078469, 0.078097, 0.079153
23, 0.069650, 0.068911, 0.069892
24, 0.061610, 0.060718, 0.061618
25, 0.054405, 0.053461, 0.054282
26, 0.048009, 0.047076, 0.047829
27, 0.042353, 0.041498, 0.042190
28, 0.037384, 0.036664, 0.037303
29, 0.033050, 0.032446, 0.033037
30, 0.029258, 0.028696, 0.029243
31, 0.025938, 0.025361, 0.025870
32, 0.022969, 0.022437, 0.022910
33, 0.020411, 0.019920, 0.020360
34, 0.018175, 0.017765, 0.018175
35, 0.016260, 0.015930, 0.016313
36, 0.014635, 0.014368, 0.014730
37, 0.013250, 0.013049, 0.013393
38, 0.012087, 0.011926, 0.012257
39, 0.011091, 0.010962, 0.011280
40, 0.010227, 0.010115, 0.010421
41, 0.009462, 0.009345, 0.009640
42, 0.008793, 0.008627, 0.008912
43, 0.008168, 0.007987, 0.008261
44, 0.007617, 0.007414, 0.007677
45, 0.007120, 0.006901, 0.007154
46, 0.006672, 0.006439, 0.006683
47, 0.006285, 0.006021, 0.006257
48, 0.005935, 0.005653, 0.005882
49, 0.005632, 0.005336, 0.005560
50, 0.005368, 0.005070, 0.005288
51, 0.005139, 0.004842, 0.005053
52, 0.004929, 0.004638, 0.004840
53, 0.004738, 0.004451, 0.004646
54, 0.004573, 0.004279, 0.004467
55, 0.004423, 0.004128, 0.004310
56, 0.004285, 0.003996, 0.004172
57, 0.004165, 0.003875, 0.004046
58, 0.004059, 0.003770, 0.003936
59, 0.003970, 0.003683, 0.003845
60, 0.003898, 0.003613, 0.003770
61, 0.003827, 0.003547, 0.003699
62, 0.003762, 0.003480, 0.003627
63, 0.003713, 0.003415, 0.003559
64, 0.003665, 0.003353, 0.003493
65, 0.003617, 0.003304, 0.003439
66, 0.003568, 0.003259, 0.003390
67, 0.003517, 0.003222, 0.003349
68, 0.003495, 0.003177, 0.003300
69, 0.003455, 0.003136, 0.003256
70, 0.003434, 0.003104, 0.003221
71, 0.003397, 0.003083, 0.003197
72, 0.003370, 0.003059, 0.003170
73, 0.003352, 0.003034, 0.003142
74, 0.003330, 0.003009, 0.003114
75, 0.003312, 0.002986, 0.003088
76, 0.003287, 0.002968, 0.003068
77, 0.003278, 0.002954, 0.003051
78, 0.003262, 0.002945, 0.003039
79, 0.003247, 0.002932, 0.003023
80, 0.003229, 0.002914, 0.003003
81, 0.003219, 0.002897, 0.002984
82, 0.003209, 0.002882, 0.002967
83, 0.003200, 0.002877, 0.002959
84, 0.003185, 0.002878, 0.002957
85, 0.003184, 0.002868, 0.002944
86, 0.003168, 0.002856, 0.002930
87, 0.003160, 0.002844, 0.002916
88, 0.003153, 0.002833, 0.002904
89, 0.003145, 0.002828, 0.002896
90, 0.003143, 0.002820, 0.002887
91, 0.003127, 0.002812, 0.002876
92, 0.003127, 0.002809, 0.002871
93, 0.003127, 0.002809, 0.002867
94, 0.003114, 0.002804, 0.002860
95, 0.003107, 0.002797, 0.002851
96, 0.003095, 0.002789, 0.002843
97, 0.003096, 0.002781, 0.002833
98, 0.003091, 0.002776, 0.002826
99, 0.003080, 0.002779, 0.002826
100, 0.003081, 0.002780, 0.002827
101, 0.003076, 0.002777, 0.002822
102, 0.003064, 0.002768, 0.002812
103, 0.003065, 0.002758, 0.002802
104, 0.003063, 0.002756, 0.002797
105, 0.003054, 0.002759, 0.002798
106, 0.003049, 0.002762, 0.002800
107, 0.003050, 0.002757, 0.002794
108, 0.003040, 0.002749, 0.002785
109, 0.003034, 0.002741, 0.002776
110, 0.003035, 0.002742, 0.002774
111, 0.003032, 0.002745, 0.002776
112, 0.003033, 0.002740, 0.002770
113, 0.003024, 0.002735, 0.002764
114, 0.003021, 0.002731, 0.002759
115, 0.003025, 0.002730, 0.002758
116, 0.003006, 0.002730, 0.002756
117, 0.003005, 0.002725, 0.002751
118, 0.003002, 0.002722, 0.002747
119, 0.003002, 0.002722, 0.002746
120, 0.003000, 0.002722, 0.002745
121, 0.002993, 0.002720, 0.002742
122, 0.002995, 0.002717, 0.002738
123, 0.002993, 0.002715, 0.002735
124, 0.002988, 0.002713, 0.002731
125, 0.002987, 0.002714, 0.002731
126, 0.002981, 0.002712, 0.002729
127, 0.002978, 0.002702, 0.002719
128, 0.002979, 0.002700, 0.002716
129, 0.002977, 0.002701, 0.002716
130, 0.002971, 0.002707, 0.002720
131, 0.002969, 0.002705, 0.002717
132, 0.002961, 0.002700, 0.002712
133, 0.002957, 0.002695, 0.002706
134, 0.002954, 0.002694, 0.002705
135, 0.002948, 0.002694, 0.002703
136, 0.002952, 0.002693, 0.002701
137, 0.002951, 0.002694, 0.002702
138, 0.002943, 0.002692, 0.002699
139, 0.002941, 0.002691, 0.002697
140, 0.002935, 0.002685, 0.002691
141, 0.002931, 0.002683, 0.002689
142, 0.002927, 0.002682, 0.002687
143, 0.002923, 0.002684, 0.002688
144, 0.002925, 0.002684, 0.002688
145, 0.002920, 0.002685, 0.002689
146, 0.002915, 0.002682, 0.002684
147, 0.002917, 0.002677, 0.002680
148, 0.002907, 0.002673, 0.002675
149, 0.002918, 0.002671, 0.002673
150, 0.002907, 0.002670, 0.002672
151, 0.002901, 0.002672, 0.002673
152, 0.002903, 0.002671, 0.002671
153, 0.002893, 0.002671, 0.002670
154, 0.002901, 0.002668, 0.002667
155, 0.002894, 0.002667, 0.002666
156, 0.002890, 0.002666, 0.002665
157, 0.002889, 0.002667, 0.002665
158, 0.002884, 0.002665, 0.002662
159, 0.002883, 0.002667, 0.002663
160, 0.002881, 0.002662, 0.002658
161, 0.002879, 0.002662, 0.002658
162, 0.002869, 0.002659, 0.002654
163, 0.002875, 0.002657, 0.002651
164, 0.002869, 0.002656, 0.002650
165, 0.002865, 0.002656, 0.002650
166, 0.002867, 0.002657, 0.002650
167, 0.002858, 0.002658, 0.002651
168, 0.002860, 0.002656, 0.002648
169, 0.002854, 0.002653, 0.002645
170, 0.002861, 0.002651, 0.002642
171, 0.002855, 0.002650, 0.002641
172, 0.002850, 0.002647, 0.002638
173, 0.002844, 0.002647, 0.002637
174, 0.002847, 0.002647, 0.002637
175, 0.002842, 0.002645, 0.002636
176, 0.002841, 0.002645, 0.002635
177, 0.002833, 0.002644, 0.002634
178, 0.002836, 0.002643, 0.002633
179, 0.002831, 0.002644, 0.002633
180, 0.002827, 0.002642, 0.002631
181, 0.002829, 0.002641, 0.002630
182, 0.002821, 0.002639, 0.002627
183, 0.002821, 0.002636, 0.002624
184, 0.002819, 0.002635, 0.002622
185, 0.002816, 0.002635, 0.002621
186, 0.002814, 0.002638, 0.002624
187, 0.002815, 0.002635, 0.002622
188, 0.002808, 0.002634, 0.002621
189, 0.002808, 0.002631, 0.002617
190, 0.002809, 0.002634, 0.002619
191, 0.002803, 0.002631, 0.002616
192, 0.002800, 0.002628, 0.002614
193, 0.002795, 0.002625, 0.002611
194, 0.002793, 0.002623, 0.002608
195, 0.002792, 0.002623, 0.002608
196, 0.002792, 0.002623, 0.002608
197, 0.002793, 0.002624, 0.002608
198, 0.002788, 0.002621, 0.002605
199, 0.002780, 0.002618, 0.002602
200, 0.002781, 0.002617, 0.002600
201, 0.002775, 0.002617, 0.002601
202, 0.002775, 0.002619, 0.002603
203, 0.002776, 0.002619, 0.002602
204, 0.002769, 0.002615, 0.002598
205, 0.002775, 0.002612, 0.002594
206, 0.002770, 0.002611, 0.002592
207, 0.002766, 0.002609, 0.002591
208, 0.002764, 0.002609, 0.002592
209, 0.002763, 0.002608, 0.002590
210, 0.002755, 0.002608, 0.002589
211, 0.002759, 0.002606, 0.002586
212, 0.002757, 0.002607, 0.002587
213, 0.002755, 0.002605, 0.002586
214, 0.002747, 0.002603, 0.002584
215, 0.002752, 0.002601, 0.002582
216, 0.002747, 0.002600, 0.002581
217, 0.002745, 0.002599, 0.002579
218, 0.002746, 0.002599, 0.002579
219, 0.002739, 0.002597, 0.002576
220, 0.002738, 0.002595, 0.002575
221, 0.002738, 0.002593, 0.002573
222, 0.002737, 0.002591, 0.002572
223, 0.002733, 0.002591, 0.002570
224, 0.002731, 0.002591, 0.002569
225, 0.002726, 0.002590, 0.002569
226, 0.002723, 0.002588, 0.002567
227, 0.002723, 0.002586, 0.002565
228, 0.002725, 0.002584, 0.002563
229, 0.002718, 0.002584, 0.002562
230, 0.002716, 0.002583, 0.002561
231, 0.002715, 0.002581, 0.002559
232, 0.002712, 0.002579, 0.002558
233, 0.002710, 0.002578, 0.002557
234, 0.002708, 0.002579, 0.002556
235, 0.002709, 0.002576, 0.002553
236, 0.002707, 0.002573, 0.002552
237, 0.002707, 0.002571, 0.002550
238, 0.002704, 0.002571, 0.002549
239, 0.002698, 0.002572, 0.002549
240, 0.002701, 0.002569, 0.002546
241, 0.002694, 0.002565, 0.002543
242, 0.002694, 0.002562, 0.002540
243, 0.002693, 0.002561, 0.002538
244, 0.002688, 0.002562, 0.002538
245, 0.002686, 0.002561, 0.002537
246, 0.002685, 0.002559, 0.002536
247, 0.002680, 0.002557, 0.002533
248, 0.002678, 0.002554, 0.002530
249, 0.002681, 0.002552, 0.002529
250, 0.002675, 0.002550, 0.002527
251, 0.002674, 0.002550, 0.002527
252, 0.002672, 0.002549, 0.002525
253, 0.002671, 0.002547, 0.002523
254, 0.002675, 0.002545, 0.002520
255, 0.002664, 0.002542, 0.002518
256, 0.002665, 0.002541, 0.002517
257, 0.002664, 0.002541, 0.002516
258, 0.002657, 0.002540, 0.002515
259, 0.002661, 0.002538, 0.002513
260, 0.002656, 0.002534, 0.002509
261, 0.002653, 0.002531, 0.002507
262, 0.002650, 0.002531, 0.002506
263, 0.002648, 0.002531, 0.002505
264, 0.002648, 0.002529, 0.002503
265, 0.002643, 0.002526, 0.002501
266, 0.002644, 0.002522, 0.002497
267, 0.002641, 0.002520, 0.002494
268, 0.002641, 0.002519, 0.002493
269, 0.002635, 0.002520, 0.002494
270, 0.002634, 0.002518, 0.002492
271, 0.002635, 0.002515, 0.002489
272, 0.002632, 0.002513, 0.002487
273, 0.002628, 0.002510, 0.002484
274, 0.002628, 0.002508, 0.002481
275, 0.002622, 0.002508, 0.002481
276, 0.002618, 0.002508, 0.002481
277, 0.002620, 0.002505, 0.002478
278, 0.002617, 0.002503, 0.002475
279, 0.002617, 0.002501, 0.002474
280, 0.002612, 0.002499, 0.002471
281, 0.002614, 0.002496, 0.002468
282, 0.002613, 0.002495, 0.002468
283, 0.002611, 0.002495, 0.002468
284, 0.002610, 0.002495, 0.002468
285, 0.002605, 0.002492, 0.002464
286, 0.002605, 0.002489, 0.002462
287, 0.002603, 0.002485, 0.002458
288, 0.002595, 0.002484, 0.002457
289, 0.002598, 0.002485, 0.002457
290, 0.002598, 0.002482, 0.002454
291, 0.002595, 0.002483, 0.002455
292, 0.002589, 0.002484, 0.002456
293, 0.002592, 0.002480, 0.002452
294, 0.002592, 0.002476, 0.002448
295, 0.002588, 0.002476, 0.002448
296, 0.002583, 0.002477, 0.002449
297, 0.002586, 0.002476, 0.002448
298, 0.002584, 0.002472, 0.002443
299, 0.002578, 0.002470, 0.002441
300, 0.002580, 0.002471, 0.002442
301, 0.002581, 0.002469, 0.002440
302, 0.002577, 0.002468, 0.002439
303, 0.002575, 0.002470, 0.002441
304, 0.002579, 0.002468, 0.002439
305, 0.002576, 0.002464, 0.002435
306, 0.002572, 0.002462, 0.002432
307, 0.002569, 0.002465, 0.002436
308, 0.002570, 0.002461, 0.002432
309, 0.002568, 0.002459, 0.002430
310, 0.002564, 0.002460, 0.002432
311, 0.002566, 0.002461, 0.002432
312, 0.002565, 0.002458, 0.002430
313, 0.002563, 0.002459, 0.002430
314, 0.002562, 0.002457, 0.002429
315, 0.002560, 0.002456, 0.002427
316, 0.002560, 0.002455, 0.002427
317, 0.002556, 0.002453, 0.002424
318, 0.002559, 0.002452, 0.002423
319, 0.002557, 0.002453, 0.002424
320, 0.002557, 0.002453, 0.002423
321, 0.002557, 0.002449, 0.002420
322, 0.002553, 0.002452, 0.002423
323, 0.002556, 0.002455, 0.002426
324, 0.002555, 0.002449, 0.002420
325, 0.002552, 0.002447, 0.002418
326, 0.002550, 0.002446, 0.002417
327, 0.002549, 0.002445, 0.002416
328, 0.002545, 0.002445, 0.002416
329, 0.002549, 0.002447, 0.002417
330, 0.002548, 0.002445, 0.002415
331, 0.002545, 0.002446, 0.002417
332, 0.002546, 0.002445, 0.002415
333, 0.002544, 0.002445, 0.002415
334, 0.002542, 0.002442, 0.002412
335, 0.002539, 0.002440, 0.002411
336, 0.002540, 0.002446, 0.002417
337, 0.002541, 0.002442, 0.002413
338, 0.002542, 0.002436, 0.002407
339, 0.002540, 0.002439, 0.002410
340, 0.002539, 0.002442, 0.002413
341, 0.002537, 0.002437, 0.002408
342, 0.002534, 0.002438, 0.002409
343, 0.002537, 0.002443, 0.002413
344, 0.002532, 0.002434, 0.002404
345, 0.002531, 0.002431, 0.002402
346, 0.002533, 0.002438, 0.002408
347, 0.002532, 0.002436, 0.002406
348, 0.002531, 0.002433, 0.002403
349, 0.002535, 0.002436, 0.002405
350, 0.002531, 0.002435, 0.002405
351, 0.002529, 0.002430, 0.002400
352, 0.002531, 0.002431, 0.002402
353, 0.002528, 0.002432, 0.002402
354, 0.002527, 0.002429, 0.002400
355, 0.002528, 0.002429, 0.002400
356, 0.002526, 0.002432, 0.002402
357, 0.002527, 0.002426, 0.002397
358, 0.002524, 0.002426, 0.002397
359, 0.002522, 0.002429, 0.002399
360, 0.002525, 0.002431, 0.002401
361, 0.002524, 0.002424, 0.002395
362, 0.002525, 0.002424, 0.002394
363, 0.002523, 0.002426, 0.002396
364, 0.002518, 0.002423, 0.002393
365, 0.002521, 0.002421, 0.002392
366, 0.002521, 0.002424, 0.002394
367, 0.002517, 0.002423, 0.002393
368, 0.002516, 0.002420, 0.002391
369, 0.002518, 0.002422, 0.002392
370, 0.002517, 0.002422, 0.002392
371, 0.002518, 0.002420, 0.002390
372, 0.002520, 0.002419, 0.002390
373, 0.002516, 0.002421, 0.002391
374, 0.002514, 0.002418, 0.002388
375, 0.002514, 0.002419, 0.002389
376, 0.002512, 0.002421, 0.002391
377, 0.002513, 0.002417, 0.002387
378, 0.002515, 0.002418, 0.002388
379, 0.002516, 0.002420, 0.002389
380, 0.002511, 0.002414, 0.002385
381, 0.002509, 0.002417, 0.002387
382, 0.002510, 0.002418, 0.002387
383, 0.002509, 0.002414, 0.002384
384, 0.002515, 0.002415, 0.002385
385, 0.002510, 0.002418, 0.002388
386, 0.002508, 0.002413, 0.002383
387, 0.002509, 0.002412, 0.002382
388, 0.002507, 0.002412, 0.002382
389, 0.002506, 0.002416, 0.002385
390, 0.002507, 0.002412, 0.002382
391, 0.002507, 0.002412, 0.002381
392, 0.002506, 0.002417, 0.002386
393, 0.002507, 0.002410, 0.002379
394, 0.002504, 0.002411, 0.002380
395, 0.002500, 0.002413, 0.002382
396, 0.002503, 0.002413, 0.002383
397, 0.002501, 0.002409, 0.002380
398, 0.002502, 0.002413, 0.002382
399, 0.002503, 0.002410, 0.002379
400, 0.002504, 0.002405, 0.002376
401, 0.002501, 0.002410, 0.002379
402, 0.002497, 0.002412, 0.002382
403, 0.002500, 0.002407, 0.002378
404, 0.002502, 0.002407, 0.002377
405, 0.002498, 0.002409, 0.002378
406, 0.002498, 0.002406, 0.002375
407, 0.002498, 0.002404, 0.002374
408, 0.002496, 0.002408, 0.002376
409, 0.002499, 0.002405, 0.002374
410, 0.002495, 0.002407, 0.002376
411, 0.002495, 0.002406, 0.002375
412, 0.002495, 0.002405, 0.002374
413, 0.002496, 0.002404, 0.002373
414, 0.002494, 0.002405, 0.002374
415, 0.002492, 0.002404, 0.002374
416, 0.002498, 0.002403, 0.002373
417, 0.002491, 0.002406, 0.002375
418, 0.002492, 0.002399, 0.002370
419, 0.002495, 0.002404, 0.002374
420, 0.002489, 0.002408, 0.002377
421, 0.002490, 0.002400, 0.002371
422, 0.002494, 0.002401, 0.002371
423, 0.002491, 0.002413, 0.002381
424, 0.002494, 0.002399, 0.002369
425, 0.002494, 0.002398, 0.002368
426, 0.002493, 0.002421, 0.002388
427, 0.002493, 0.002399, 0.002369
428, 0.002494, 0.002397, 0.002368
429, 0.002494, 0.002414, 0.002381
430, 0.002497, 0.002398, 0.002367
431, 0.002486, 0.002397, 0.002368
432, 0.002491, 0.002408, 0.002375
433, 0.002490, 0.002404, 0.002372
434, 0.002490, 0.002398, 0.002369
435, 0.002490, 0.002410, 0.002378
436, 0.002486, 0.002408, 0.002376
437, 0.002486, 0.002398, 0.002369
438, 0.002492, 0.002402, 0.002370
439, 0.002484, 0.002402, 0.002371
440, 0.002486, 0.002394, 0.002365
441, 0.002487, 0.002399, 0.002368
442, 0.002488, 0.002405, 0.002372
443, 0.002488, 0.002395, 0.002366
444, 0.002486, 0.002399, 0.002368
445, 0.002480, 0.002403, 0.002371
446, 0.002485, 0.002394, 0.002364
447, 0.002485, 0.002394, 0.002364
448, 0.002483, 0.002406, 0.002374
449, 0.002484, 0.002395, 0.002364
450, 0.002480, 0.002393, 0.002363
451, 0.002481, 0.002401, 0.002369
452, 0.002483, 0.002394, 0.002363
453, 0.002478, 0.002392, 0.002361
454, 0.002485, 0.002399, 0.002367
455, 0.002481, 0.002398, 0.002367
456, 0.002480, 0.002393, 0.002362
457, 0.002478, 0.002397, 0.002365
458, 0.002479, 0.002395, 0.002364
459, 0.002483, 0.002395, 0.002364
460, 0.002479, 0.002394, 0.002363
461, 0.002480, 0.002393, 0.002362
462, 0.002477, 0.002392, 0.002362
463, 0.002479, 0.002392, 0.002361
464, 0.002476, 0.002395, 0.002364
465, 0.002477, 0.002394, 0.002363
466, 0.002476, 0.002389, 0.002359
467, 0.002479, 0.002396, 0.002364
468, 0.002476, 0.002398, 0.002366
469, 0.002478, 0.002389, 0.002359
470, 0.002481, 0.002395, 0.002363
471, 0.002474, 0.002396, 0.002364
472, 0.002480, 0.002388, 0.002359
473, 0.002476, 0.002393, 0.002361
474, 0.002474, 0.002393, 0.002361
475, 0.002478, 0.002388, 0.002358
476, 0.002479, 0.002392, 0.002361
477, 0.002470, 0.002396, 0.002364
478, 0.002474, 0.002387, 0.002357
479, 0.002478, 0.002391, 0.002360
480, 0.002473, 0.002392, 0.002361
481, 0.002474, 0.002386, 0.002356
482, 0.002473, 0.002392, 0.002361
483, 0.002472, 0.002391, 0.002360
484, 0.002471, 0.002389, 0.002358
485, 0.002471, 0.002389, 0.002357
486, 0.002476, 0.002394, 0.002361
487, 0.002473, 0.002386, 0.002356
488, 0.002472, 0.002388, 0.002357
489, 0.002471, 0.002394, 0.002361
490, 0.002473, 0.002387, 0.002356
491, 0.002469, 0.002386, 0.002355
492, 0.002470, 0.002390, 0.002358
493, 0.002468, 0.002387, 0.002356
494, 0.002471, 0.002386, 0.002355
495, 0.002469, 0.002393, 0.002361
496, 0.002471, 0.002389, 0.002358
497, 0.002472, 0.002384, 0.002354
498, 0.002470, 0.002391, 0.002360
499, 0.002470, 0.002387, 0.002356
500, 0.002469, 0.002383, 0.002353
501, 0.002467, 0.002393, 0.002362
502, 0.002468, 0.002385, 0.002355
503, 0.002468, 0.002382, 0.002353
504, 0.002467, 0.002388, 0.002356
505, 0.002466, 0.002388, 0.002357
506, 0.002468, 0.002381, 0.002351
507, 0.002471, 0.002392, 0.002360
508, 0.002467, 0.002389, 0.002358
509, 0.002467, 0.002382, 0.002354
510, 0.002467, 0.002392, 0.002360
511, 0.002467, 0.002391, 0.002359
512, 0.002469, 0.002380, 0.002351
513, 0.002471, 0.002395, 0.002363
514, 0.002469, 0.002384, 0.002354
515, 0.002466, 0.002380, 0.002351
516, 0.002466, 0.002392, 0.002360
517, 0.002461, 0.002386, 0.002355
518, 0.002465, 0.002380, 0.002350
519, 0.002466, 0.002397, 0.002363
520, 0.002467, 0.002383, 0.002352
521, 0.002463, 0.002379, 0.002349
522, 0.002464, 0.002396, 0.002363
523, 0.002466, 0.002382, 0.002350
524, 0.002464, 0.002379, 0.002349
525, 0.002461, 0.002393, 0.002360
526, 0.002465, 0.002381, 0.002350
527, 0.002461, 0.002380, 0.002349
528, 0.002463, 0.002394, 0.002362
529, 0.002463, 0.002377, 0.002348
530, 0.002460, 0.002378, 0.002348
531, 0.002459, 0.002400, 0.002368
532, 0.002466, 0.002377, 0.002348
533, 0.002465, 0.002381, 0.002351
534, 0.002459, 0.002389, 0.002357
535, 0.002460, 0.002379, 0.002349
536, 0.002460, 0.002381, 0.002350
537, 0.002459, 0.002385, 0.002353
538, 0.002464, 0.002379, 0.002348
539, 0.002461, 0.002378, 0.002348
540, 0.002458, 0.002387, 0.002354
541, 0.002459, 0.002378, 0.002347
542, 0.002457, 0.002376, 0.002346
543, 0.002461, 0.002383, 0.002351
544, 0.002460, 0.002378, 0.002347
545, 0.002455, 0.002377, 0.002347
546, 0.002455, 0.002380, 0.002349
547, 0.002458, 0.002375, 0.002346
548, 0.002453, 0.002381, 0.002350
549, 0.002456, 0.002381, 0.002350
550, 0.002454, 0.002377, 0.002346
551, 0.002456, 0.002381, 0.002349
552, 0.002452, 0.002373, 0.002343
553, 0.002456, 0.002381, 0.002349
554, 0.002453, 0.002374, 0.002344
555, 0.002458, 0.002379, 0.002348
556, 0.002451, 0.002375, 0.002344
557, 0.002452, 0.002376, 0.002345
558, 0.002454, 0.002377, 0.002346
559, 0.002450, 0.002375, 0.002345
560, 0.002453, 0.002377, 0.002346
561, 0.002454, 0.002377, 0.002347
562, 0.002450, 0.002374, 0.002345
563, 0.002453, 0.002378, 0.002348
564, 0.002454, 0.002370, 0.002341
565, 0.002454, 0.002376, 0.002346
566, 0.002451, 0.002379, 0.002347
567, 0.002450, 0.002371, 0.002341
568, 0.002451, 0.002378, 0.002347
569, 0.002453, 0.002376, 0.002344
570, 0.002447, 0.002368, 0.002338
571, 0.002450, 0.002375, 0.002344
572, 0.002448, 0.002373, 0.002342
573, 0.002445, 0.002372, 0.002341
574, 0.002446, 0.002378, 0.002346
575, 0.002450, 0.002369, 0.002339
576, 0.002450, 0.002376, 0.002345
577, 0.002451, 0.002377, 0.002346
578, 0.002447, 0.002366, 0.002338
579, 0.002453, 0.002377, 0.002346
580, 0.002448, 0.002371, 0.002341
581, 0.002448, 0.002367, 0.002337
582, 0.002446, 0.002373, 0.002342
583, 0.002447, 0.002375, 0.002343
584, 0.002447, 0.002369, 0.002338
585, 0.002446, 0.002371, 0.002340
586, 0.002445, 0.002374, 0.002343
587, 0.002447, 0.002364, 0.002335
588, 0.002448, 0.002377, 0.002345
589, 0.002447, 0.002366, 0.002336
590, 0.002445, 0.002367, 0.002337
591, 0.002444, 0.002376, 0.002345
592, 0.002444, 0.002368, 0.002338
593, 0.002441, 0.002366, 0.002336
594, 0.002442, 0.002374, 0.002343
595, 0.002442, 0.002363, 0.002334
596, 0.002447, 0.002371, 0.002341
597, 0.002441, 0.002369, 0.002339
598, 0.002443, 0.002362, 0.002333
599, 0.002441, 0.002368, 0.002338
600, 0.002440, 0.002372, 0.002341
601, 0.002445, 0.002358, 0.002330
602, 0.002445, 0.002373, 0.002342
603, 0.002445, 0.002367, 0.002336
604, 0.002440, 0.002361, 0.002332
605, 0.002439, 0.002386, 0.002353
606, 0.002445, 0.002360, 0.002330
607, 0.002438, 0.002360, 0.002331
608, 0.002437, 0.002380, 0.002347
609, 0.002442, 0.002358, 0.002330
610, 0.002444, 0.002366, 0.002335
611, 0.002437, 0.002375, 0.002343
612, 0.002440, 0.002355, 0.002327
613, 0.002444, 0.002380, 0.002347
614, 0.002440, 0.002359, 0.002329
615, 0.002435, 0.002357, 0.002328
616, 0.002436, 0.002375, 0.002342
617, 0.002443, 0.002357, 0.002327
618, 0.002434, 0.002359, 0.002328
619, 0.002435, 0.002369, 0.002338
620, 0.002434, 0.002353, 0.002324
621, 0.002435, 0.002361, 0.002330
622, 0.002433, 0.002360, 0.002330
623, 0.002435, 0.002356, 0.002327
624, 0.002436, 0.002364, 0.002334
625, 0.002434, 0.002357, 0.002327
626, 0.002432, 0.002360, 0.002329
627, 0.002428, 0.002356, 0.002326
628, 0.002431, 0.002353, 0.002324
629, 0.002433, 0.002366, 0.002334
630, 0.002430, 0.002357, 0.002326
631, 0.002430, 0.002351, 0.002321
632, 0.002430, 0.002369, 0.002337
633, 0.002435, 0.002349, 0.002320
634, 0.002430, 0.002355, 0.002324
635, 0.002427, 0.002359, 0.002328
636, 0.002429, 0.002345, 0.002317
637, 0.002431, 0.002359, 0.002328
638, 0.002428, 0.002358, 0.002327
639, 0.002428, 0.002346, 0.002319
640, 0.002427, 0.002366, 0.002335
641, 0.002427, 0.002347, 0.002319
642, 0.002425, 0.002345, 0.002316
643, 0.002428, 0.002366, 0.002335
644, 0.002428, 0.002341, 0.002314
645, 0.002432, 0.002357, 0.002326
646, 0.002424, 0.002353, 0.002323
647, 0.002422, 0.002343, 0.002314
648, 0.002426, 0.002357, 0.002326
649, 0.002421, 0.002345, 0.002315
650, 0.002424, 0.002343, 0.002313
651, 0.002421, 0.002347, 0.002316
652, 0.002422, 0.002346, 0.002315
653, 0.002417, 0.002343, 0.002314
654, 0.002417, 0.002347, 0.002316
655, 0.002419, 0.002340, 0.002310
656, 0.002419, 0.002348, 0.002317
657, 0.002416, 0.002340, 0.002310
658, 0.002418, 0.002342, 0.002312
659, 0.002417, 0.002352, 0.002320
660, 0.002417, 0.002334, 0.002305
661, 0.002418, 0.002344, 0.002313
662, 0.002415, 0.002338, 0.002308
663, 0.002414, 0.002339, 0.002309
664, 0.002416, 0.002341, 0.002310
665, 0.002416, 0.002338, 0.002308
666, 0.002413, 0.002339, 0.002308
667, 0.002415, 0.002339, 0.002309
668, 0.002409, 0.002333, 0.002303
669, 0.002407, 0.002338, 0.002308
670, 0.002410, 0.002333, 0.002303
671, 0.002410, 0.002338, 0.002307
672, 0.002408, 0.002331, 0.002301
673, 0.002407, 0.002339, 0.002307
674, 0.002412, 0.002327, 0.002298
675, 0.002407, 0.002330, 0.002301
676, 0.002407, 0.002334, 0.002304
677, 0.002406, 0.002326, 0.002298
678, 0.002407, 0.002342, 0.002311
679, 0.002408, 0.002325, 0.002297
680, 0.002406, 0.002333, 0.002303
681, 0.002405, 0.002329, 0.002299
682, 0.002406, 0.002321, 0.002292
683, 0.002404, 0.002329, 0.002299
684, 0.002403, 0.002319, 0.002290
685, 0.002400, 0.002330, 0.002299
686, 0.002402, 0.002330, 0.002300
687, 0.002397, 0.002315, 0.002288
688, 0.002401, 0.002338, 0.002306
689, 0.002403, 0.002319, 0.002289
690, 0.002397, 0.002313, 0.002285
691, 0.002397, 0.002338, 0.002307
692, 0.002403, 0.002310, 0.002282
693, 0.002400, 0.002332, 0.002301
694, 0.002395, 0.002313, 0.002285
695, 0.002395, 0.002310, 0.002282
696, 0.002389, 0.002327, 0.002296
697, 0.002398, 0.002305, 0.002278
698, 0.002393, 0.002331, 0.002300
699, 0.002394, 0.002310, 0.002280
700, 0.002389, 0.002308, 0.002279
701, 0.002390, 0.002321, 0.002290
702, 0.002387, 0.002301, 0.002273
703, 0.002388, 0.002323, 0.002292
704, 0.002388, 0.002303, 0.002274
705, 0.002383, 0.002302, 0.002273
706, 0.002387, 0.002319, 0.002288
707, 0.002386, 0.002295, 0.002268
708, 0.002383, 0.002311, 0.002280
709, 0.002380, 0.002302, 0.002272
710, 0.002378, 0.002291, 0.002264
711, 0.002382, 0.002325, 0.002294
712, 0.002386, 0.002289, 0.002262
713, 0.002378, 0.002299, 0.002270
714, 0.002376, 0.002299, 0.002269
715, 0.002371, 0.002288, 0.002260
716, 0.002371, 0.002296, 0.002266
717, 0.002369, 0.002292, 0.002263
718, 0.002371, 0.002285, 0.002256
719, 0.002372, 0.002293, 0.002263
720, 0.002367, 0.002289, 0.002260
721, 0.002368, 0.002283, 0.002255
722, 0.002363, 0.002286, 0.002256
723, 0.002361, 0.002282, 0.002253
724, 0.002366, 0.002278, 0.002249
725, 0.002361, 0.002276, 0.002247
726, 0.002361, 0.002288, 0.002259
727, 0.002359, 0.002270, 0.002244
728, 0.002360, 0.002283, 0.002253
729, 0.002357, 0.002273, 0.002244
730, 0.002359, 0.002268, 0.002239
731, 0.002352, 0.002281, 0.002250
732, 0.002357, 0.002264, 0.002235
733, 0.002353, 0.002272, 0.002241
734, 0.002349, 0.002273, 0.002242
735, 0.002348, 0.002257, 0.002230
736, 0.002351, 0.002276, 0.002246
737, 0.002350, 0.002254, 0.002226
738, 0.002345, 0.002258, 0.002229
739, 0.002339, 0.002265, 0.002236
740, 0.002342, 0.002249, 0.002222
741, 0.002342, 0.002264, 0.002235
742, 0.002341, 0.002248, 0.002220
743, 0.002337, 0.002248, 0.002220
744, 0.002336, 0.002256, 0.002226
745, 0.002337, 0.002238, 0.002211
746, 0.002335, 0.002260, 0.002230
747, 0.002334, 0.002238, 0.002210
748, 0.002327, 0.002238, 0.002210
749, 0.002326, 0.002243, 0.002213
750, 0.002323, 0.002231, 0.002203
751, 0.002321, 0.002236, 0.002207
752, 0.002320, 0.002236, 0.002206
753, 0.002319, 0.002225, 0.002197
754, 0.002318, 0.002234, 0.002205
755, 0.002314, 0.002225, 0.002197
756, 0.002313, 0.002220, 0.002192
757, 0.002311, 0.002230, 0.002200
758, 0.002317, 0.002212, 0.002185
759, 0.002310, 0.002230, 0.002201
760, 0.002310, 0.002208, 0.002180
761, 0.002304, 0.002220, 0.002189
762, 0.002303, 0.002213, 0.002183
763, 0.002300, 0.002199, 0.002172
764, 0.002305, 0.002240, 0.002208
765, 0.002309, 0.002193, 0.002168
766, 0.002300, 0.002200, 0.002171
767, 0.002293, 0.002214, 0.002184
768, 0.002292, 0.002186, 0.002159
769, 0.002293, 0.002215, 0.002185
770, 0.002291, 0.002181, 0.002155
771, 0.002284, 0.002196, 0.002167
772, 0.002279, 0.002184, 0.002155
773, 0.002275, 0.002175, 0.002147
774, 0.002277, 0.002187, 0.002156
775, 0.002273, 0.002168, 0.002140
776, 0.002272, 0.002177, 0.002147
777, 0.002269, 0.002163, 0.002135
778, 0.002262, 0.002171, 0.002142
779, 0.002263, 0.002160, 0.002132
780, 0.002257, 0.002158, 0.002130
781, 0.002259, 0.002160, 0.002131
782, 0.002255, 0.002150, 0.002122
783, 0.002251, 0.002152, 0.002123
784, 0.002245, 0.002147, 0.002118
785, 0.002245, 0.002142, 0.002114
786, 0.002240, 0.002136, 0.002109
787, 0.002235, 0.002133, 0.002105
788, 0.002231, 0.002144, 0.002113
789, 0.002234, 0.002123, 0.002095
790, 0.002232, 0.002126, 0.002097
791, 0.002228, 0.002133, 0.002103
792, 0.002226, 0.002113, 0.002088
793, 0.002232, 0.002164, 0.002133
794, 0.002237, 0.002104, 0.002080
795, 0.002225, 0.002119, 0.002090
796, 0.002215, 0.002106, 0.002077
797, 0.002204, 0.002094, 0.002067
798, 0.002203, 0.002103, 0.002074
799, 0.002200, 0.002088, 0.002060
800, 0.002197, 0.002089, 0.002061
801, 0.002194, 0.002079, 0.002052
802, 0.002191, 0.002082, 0.002053
803, 0.002183, 0.002072, 0.002044
804, 0.002181, 0.002066, 0.002039
805, 0.002178, 0.002073, 0.002044
806, 0.002172, 0.002060, 0.002033
807, 0.002171, 0.002065, 0.002035
808, 0.002167, 0.002048, 0.002021
809, 0.002162, 0.002052, 0.002023
810, 0.002158, 0.002040, 0.002012
811, 0.002152, 0.002042, 0.002014
812, 0.002153, 0.002035, 0.002007
813, 0.002142, 0.002026, 0.002000
814, 0.002147, 0.002043, 0.002014
815, 0.002143, 0.002013, 0.001988
816, 0.002145, 0.002038, 0.002008
817, 0.002138, 0.002003, 0.001977
818, 0.002126, 0.002008, 0.001980
819, 0.002118, 0.002001, 0.001973
820, 0.002117, 0.001990, 0.001963
821, 0.002110, 0.002007, 0.001978
822, 0.002111, 0.001978, 0.001952
823, 0.002110, 0.002002, 0.001971
824, 0.002102, 0.001969, 0.001942
825, 0.002091, 0.001964, 0.001937
826, 0.002084, 0.001978, 0.001949
827, 0.002086, 0.001952, 0.001926
828, 0.002088, 0.001990, 0.001960
829, 0.002089, 0.001946, 0.001923
830, 0.002082, 0.001959, 0.001929
831, 0.002067, 0.001936, 0.001907
832, 0.002060, 0.001923, 0.001898
833, 0.002058, 0.001963, 0.001932
834, 0.002068, 0.001915, 0.001892
835, 0.002061, 0.001943, 0.001912
836, 0.002050, 0.001901, 0.001876
837, 0.002041, 0.001908, 0.001880
838, 0.002024, 0.001894, 0.001866
839, 0.002018, 0.001881, 0.001855
840, 0.002016, 0.001901, 0.001872
841, 0.002015, 0.001867, 0.001842
842, 0.002014, 0.001887, 0.001858
843, 0.002006, 0.001856, 0.001830
844, 0.001996, 0.001863, 0.001835
845, 0.001987, 0.001847, 0.001821
846, 0.001979, 0.001839, 0.001812
847, 0.001976, 0.001832, 0.001805
848, 0.001968, 0.001825, 0.001799
849, 0.001960, 0.001827, 0.001799
850, 0.001955, 0.001810, 0.001784
851, 0.001946, 0.001807, 0.001781
852, 0.001943, 0.001800, 0.001774
853, 0.001936, 0.001790, 0.001764
854, 0.001930, 0.001792, 0.001764
855, 0.001923, 0.001774, 0.001748
856, 0.001920, 0.001774, 0.001746
857, 0.001909, 0.001764, 0.001737
858, 0.001902, 0.001755, 0.001729
859, 0.001902, 0.001754, 0.001727
860, 0.001895, 0.001738, 0.001713
861, 0.001884, 0.001742, 0.001714
862, 0.001880, 0.001724, 0.001699
863, 0.001872, 0.001720, 0.001694
864, 0.001866, 0.001711, 0.001685
865, 0.001858, 0.001704, 0.001678
866, 0.001851, 0.001698, 0.001671
867, 0.001842, 0.001691, 0.001664
868, 0.001838, 0.001682, 0.001656
869, 0.001830, 0.001671, 0.001646
870, 0.001826, 0.001668, 0.001642
871, 0.001816, 0.001657, 0.001632
872, 0.001809, 0.001652, 0.001625
873, 0.001803, 0.001636, 0.001611
874, 0.001798, 0.001649, 0.001623
875, 0.001791, 0.001622, 0.001598
876, 0.001788, 0.001644, 0.001615
877, 0.001779, 0.001606, 0.001583
878, 0.001771, 0.001607, 0.001580
879, 0.001758, 0.001595, 0.001568
880, 0.001752, 0.001581, 0.001558
881, 0.001746, 0.001598, 0.001571
882, 0.001741, 0.001564, 0.001540
883, 0.001739, 0.001579, 0.001552
884, 0.001724, 0.001549, 0.001526
885, 0.001715, 0.001542, 0.001516
886, 0.001708, 0.001545, 0.001518
887, 0.001699, 0.001521, 0.001499
888, 0.001695, 0.001544, 0.001515
889, 0.001689, 0.001510, 0.001488
890, 0.001685, 0.001526, 0.001499
891, 0.001672, 0.001484, 0.001462
892, 0.001661, 0.001494, 0.001467
893, 0.001652, 0.001473, 0.001449
894, 0.001644, 0.001462, 0.001439
895, 0.001634, 0.001476, 0.001448
896, 0.001635, 0.001445, 0.001424
897, 0.001630, 0.001473, 0.001445
898, 0.001620, 0.001434, 0.001413
899, 0.001617, 0.001458, 0.001432
900, 0.001612, 0.001415, 0.001394
901, 0.001594, 0.001419, 0.001392
902, 0.001582, 0.001391, 0.001368
903, 0.001568, 0.001392, 0.001369
904, 0.001560, 0.001377, 0.001352
905, 0.001555, 0.001369, 0.001347
906, 0.001548, 0.001367, 0.001343
907, 0.001536, 0.001345, 0.001322
908, 0.001533, 0.001356, 0.001332
909, 0.001523, 0.001330, 0.001308
910, 0.001516, 0.001330, 0.001306
911, 0.001502, 0.001326, 0.001302
912, 0.001495, 0.001300, 0.001282
913, 0.001495, 0.001336, 0.001310
914, 0.001498, 0.001301, 0.001286
915, 0.001506, 0.001380, 0.001353
916, 0.001523, 0.001304, 0.001290
917, 0.001516, 0.001358, 0.001331
918, 0.001506, 0.001267, 0.001250
919, 0.001476, 0.001288, 0.001265
920, 0.001447, 0.001233, 0.001212
921, 0.001431, 0.001228, 0.001208
922, 0.001420, 0.001260, 0.001238
923, 0.001429, 0.001221, 0.001203
924, 0.001435, 0.001266, 0.001242
925, 0.001425, 0.001193, 0.001174
926, 0.001393, 0.001182, 0.001163
927, 0.001374, 0.001204, 0.001181
928, 0.001375, 0.001167, 0.001150
929, 0.001376, 0.001182, 0.001159
930, 0.001357, 0.001148, 0.001128
931, 0.001340, 0.001140, 0.001122
932, 0.001337, 0.001158, 0.001136
933, 0.001330, 0.001121, 0.001103
934, 0.001321, 0.001123, 0.001104
935, 0.001308, 0.001119, 0.001099
936, 0.001303, 0.001102, 0.001084
937, 0.001303, 0.001133, 0.001112
938, 0.001300, 0.001082, 0.001066
939, 0.001289, 0.001092, 0.001073
940, 0.001271, 0.001073, 0.001058
941, 0.001264, 0.001055, 0.001040
942, 0.001258, 0.001092, 0.001070
943, 0.001265, 0.001050, 0.001038
944, 0.001257, 0.001060, 0.001036
945, 0.001237, 0.001034, 0.001018
946, 0.001221, 0.001014, 0.000998
947, 0.001221, 0.001054, 0.001033
948, 0.001230, 0.001022, 0.001012
949, 0.001227, 0.001031, 0.001008
950, 0.001213, 0.000985, 0.000970
951, 0.001185, 0.000977, 0.000961
952, 0.001174, 0.000991, 0.000969
953, 0.001180, 0.000968, 0.000955
954, 0.001173, 0.000975, 0.000956
955, 0.001160, 0.000950, 0.000930
956, 0.001151, 0.000946, 0.000933
957, 0.001143, 0.000957, 0.000934
958, 0.001141, 0.000932, 0.000917
959, 0.001140, 0.000952, 0.000934
960, 0.001128, 0.000909, 0.000889
961, 0.001113, 0.000906, 0.000891
962, 0.001099, 0.000921, 0.000902
963, 0.001098, 0.000891, 0.000872
964, 0.001100, 0.000906, 0.000889
965, 0.001089, 0.000872, 0.000850
966, 0.001071, 0.000867, 0.000850
967, 0.001063, 0.000872, 0.000854
968, 0.001056, 0.000852, 0.000834
969, 0.001049, 0.000854, 0.000837
970, 0.001042, 0.000844, 0.000823
971, 0.001040, 0.000859, 0.000847
972, 0.001037, 0.000845, 0.000821
973, 0.001046, 0.000878, 0.000866
974, 0.001050, 0.000849, 0.000824
975, 0.001060, 0.000898, 0.000884
976, 0.001056, 0.000809, 0.000790
977, 0.001032, 0.000822, 0.000804
978, 0.001003, 0.000783, 0.000768
979, 0.000992, 0.000782, 0.000765
980, 0.000989, 0.000798, 0.000781
981, 0.000982, 0.000757, 0.000745
982, 0.000975, 0.000779, 0.000759
983, 0.000962, 0.000766, 0.000754
984, 0.000959, 0.000760, 0.000741
985, 0.000970, 0.000804, 0.000791
986, 0.000975, 0.000754, 0.000734
987, 0.000970, 0.000765, 0.000753
988, 0.000945, 0.000721, 0.000702
989, 0.000926, 0.000711, 0.000698
990, 0.000918, 0.000728, 0.000712
991, 0.000920, 0.000708, 0.000693
992, 0.000919, 0.000716, 0.000703
993, 0.000913, 0.000697, 0.000679
994, 0.000904, 0.000691, 0.000682
995, 0.000892, 0.000695, 0.000677
996, 0.000898, 0.000682, 0.000673
997, 0.000890, 0.000673, 0.000658
998, 0.000876, 0.000669, 0.000653
999, 0.000871, 0.000669, 0.000662
1000, 0.000877, 0.000688, 0.000667
1001, 0.000885, 0.000691, 0.000687
1002, 0.000896, 0.000689, 0.000671
1003, 0.000894, 0.000666, 0.000657
1004, 0.000867, 0.000629, 0.000616
1005, 0.000847, 0.000640, 0.000624
1006, 0.000840, 0.000632, 0.000624
1007, 0.000840, 0.000619, 0.000603
1008, 0.000838, 0.000645, 0.000633
1009, 0.000838, 0.000613, 0.000602
1010, 0.000835, 0.000627, 0.000613
1011, 0.000827, 0.000607, 0.000595
1012, 0.000814, 0.000590, 0.000580
1013, 0.000804, 0.000602, 0.000587
1014, 0.000807, 0.000587, 0.000579
1015, 0.000799, 0.000584, 0.000571
1016, 0.000793, 0.000585, 0.000574
1017, 0.000787, 0.000565, 0.000555
1018, 0.000783, 0.000572, 0.000558
1019, 0.000782, 0.000572, 0.000566
1020, 0.000782, 0.000558, 0.000544
1021, 0.000782, 0.000570, 0.000562
1022, 0.000775, 0.000542, 0.000532
1023, 0.000765, 0.000558, 0.000546
1024, 0.000764, 0.000543, 0.000534
1025, 0.000765, 0.000541, 0.000528
1026, 0.000755, 0.000537, 0.000527
1027, 0.000748, 0.000528, 0.000519
1028, 0.000748, 0.000533, 0.000521
1029, 0.000747, 0.000525, 0.000516
1030, 0.000745, 0.000536, 0.000529
1031, 0.000749, 0.000530, 0.000517
1032, 0.000747, 0.000528, 0.000523
1033, 0.000746, 0.000520, 0.000507
1034, 0.000738, 0.000515, 0.000508
1035, 0.000733, 0.000507, 0.000497
1036, 0.000728, 0.000508, 0.000497
1037, 0.000723, 0.000491, 0.000482
1038, 0.000716, 0.000491, 0.000483
1039, 0.000714, 0.000496, 0.000486
1040, 0.000713, 0.000487, 0.000479
1041, 0.000707, 0.000490, 0.000483
1042, 0.000709, 0.000488, 0.000478
1043, 0.000709, 0.000475, 0.000470
1044, 0.000704, 0.000489, 0.000480
1045, 0.000699, 0.000468, 0.000459
1046, 0.000697, 0.000477, 0.000470
1047, 0.000696, 0.000470, 0.000460
1048, 0.000693, 0.000466, 0.000459
1049, 0.000685, 0.000461, 0.000453
1050, 0.000685, 0.000458, 0.000448
1051, 0.000689, 0.000473, 0.000466
1052, 0.000686, 0.000449, 0.000441
1053, 0.000680, 0.000456, 0.000447
1054, 0.000673, 0.000449, 0.000443
1055, 0.000675, 0.000449, 0.000440
1056, 0.000673, 0.000453, 0.000448
1057, 0.000677, 0.000444, 0.000434
1058, 0.000672, 0.000440, 0.000434
1059, 0.000664, 0.000447, 0.000439
1060, 0.000662, 0.000434, 0.000426
1061, 0.000665, 0.000437, 0.000433
1062, 0.000665, 0.000441, 0.000431
1063, 0.000659, 0.000424, 0.000418
1064, 0.000658, 0.000434, 0.000425
1065, 0.000651, 0.000423, 0.000414
1066, 0.000651, 0.000417, 0.000411
1067, 0.000653, 0.000443, 0.000433
1068, 0.000652, 0.000411, 0.000405
1069, 0.000649, 0.000428, 0.000421
1070, 0.000645, 0.000412, 0.000405
1071, 0.000640, 0.000410, 0.000405
1072, 0.000643, 0.000425, 0.000419
1073, 0.000642, 0.000403, 0.000398
1074, 0.000638, 0.000419, 0.000410
1075, 0.000640, 0.000399, 0.000394
1076, 0.000636, 0.000415, 0.000406
1077, 0.000632, 0.000403, 0.000397
1078, 0.000631, 0.000400, 0.000392
1079, 0.000633, 0.000418, 0.000411
1080, 0.000632, 0.000388, 0.000383
1081, 0.000632, 0.000418, 0.000413
1082, 0.000630, 0.000387, 0.000382
1083, 0.000626, 0.000399, 0.000392
1084, 0.000626, 0.000396, 0.000391
1085, 0.000624, 0.000385, 0.000377
1086, 0.000620, 0.000396, 0.000389
1087, 0.000620, 0.000384, 0.000379
1088, 0.000620, 0.000383, 0.000375
1089, 0.000617, 0.000398, 0.000393
1090, 0.000614, 0.000378, 0.000372
1091, 0.000612, 0.000386, 0.000379
1092, 0.000612, 0.000382, 0.000377
1093, 0.000612, 0.000377, 0.000371
1094, 0.000606, 0.000385, 0.000378
1095, 0.000606, 0.000371, 0.000367
1096, 0.000610, 0.000381, 0.000373
1097, 0.000604, 0.000372, 0.000367
1098, 0.000602, 0.000373, 0.000368
1099, 0.000605, 0.000375, 0.000370
1100, 0.000603, 0.000373, 0.000368
1101, 0.000601, 0.000363, 0.000359
1102, 0.000599, 0.000380, 0.000375
1103, 0.000601, 0.000355, 0.000351
1104, 0.000601, 0.000391, 0.000384
1105, 0.000606, 0.000360, 0.000356
1106, 0.000605, 0.000397, 0.000389
1107, 0.000605, 0.000358, 0.000355
1108, 0.000605, 0.000382, 0.000374
1109, 0.000598, 0.000351, 0.000347
1110, 0.000593, 0.000375, 0.000371
1111, 0.000590, 0.000355, 0.000350
1112, 0.000589, 0.000352, 0.000348
1113, 0.000587, 0.000368, 0.000363
1114, 0.000587, 0.000346, 0.000341
1115, 0.000587, 0.000367, 0.000361
1116, 0.000585, 0.000348, 0.000343
1117, 0.000581, 0.000344, 0.000338
1118, 0.000583, 0.000372, 0.000366
1119, 0.000587, 0.000340, 0.000337
1120, 0.000589, 0.000386, 0.000377
1121, 0.000595, 0.000345, 0.000343
1122, 0.000599, 0.000377, 0.000369
1123, 0.000592, 0.000343, 0.000341
1124, 0.000578, 0.000342, 0.000339
1125, 0.000578, 0.000367, 0.000359
1126, 0.000586, 0.000343, 0.000342
1127, 0.000589, 0.000382, 0.000374
1128, 0.000584, 0.000332, 0.000326
1129, 0.000589, 0.000372, 0.000368
1130, 0.000583, 0.000337, 0.000331
1131, 0.000572, 0.000331, 0.000327
1132, 0.000573, 0.000382, 0.000376
1133, 0.000583, 0.000328, 0.000323
1134, 0.000587, 0.000371, 0.000364
1135, 0.000579, 0.000330, 0.000328
1136, 0.000569, 0.000336, 0.000329
1137, 0.000570, 0.000344, 0.000340
1138, 0.000566, 0.000330, 0.000327
1139, 0.000566, 0.000338, 0.000331
1140, 0.000569, 0.000344, 0.000341
1141, 0.000572, 0.000326, 0.000320
1142, 0.000567, 0.000326, 0.000321
1143, 0.000561, 0.000347, 0.000345
1144, 0.000567, 0.000321, 0.000316
1145, 0.000566, 0.000337, 0.000332
1146, 0.000560, 0.000331, 0.000329
1147, 0.000564, 0.000330, 0.000325
1148, 0.000565, 0.000334, 0.000331
1149, 0.000563, 0.000327, 0.000322
1150, 0.000558, 0.000324, 0.000318
1151, 0.000557, 0.000337, 0.000331
1152, 0.000559, 0.000321, 0.000317
1153, 0.000562, 0.000345, 0.000337
1154, 0.000562, 0.000318, 0.000314
1155, 0.000559, 0.000329, 0.000323
1156, 0.000556, 0.000326, 0.000320
1157, 0.000556, 0.000315, 0.000312
1158, 0.000556, 0.000340, 0.000334
1159, 0.000557, 0.000315, 0.000312
1160, 0.000557, 0.000336, 0.000331
1161, 0.000556, 0.000316, 0.000312
1162, 0.000553, 0.000319, 0.000315
1163, 0.000554, 0.000333, 0.000328
1164, 0.000556, 0.000313, 0.000311
1165, 0.000556, 0.000330, 0.000325
1166, 0.000555, 0.000319, 0.000315
1167, 0.000546, 0.000315, 0.000312
1168, 0.000553, 0.000333, 0.000327
1169, 0.000553, 0.000309, 0.000306
1170, 0.000553, 0.000340, 0.000335
1171, 0.000553, 0.000309, 0.000305
1172, 0.000550, 0.000317, 0.000312
1173, 0.000545, 0.000333, 0.000328
1174, 0.000548, 0.000305, 0.000301
1175, 0.000558, 0.000362, 0.000357
1176, 0.000560, 0.000304, 0.000302
1177, 0.000555, 0.000334, 0.000328
1178, 0.000550, 0.000318, 0.000315
1179, 0.000547, 0.000309, 0.000304
1180, 0.000543, 0.000327, 0.000321
1181, 0.000547, 0.000306, 0.000303
1182, 0.000550, 0.000334, 0.000328
1183, 0.000553, 0.000308, 0.000306
1184, 0.000549, 0.000316, 0.000312
1185, 0.000548, 0.000313, 0.000309
1186, 0.000543, 0.000309, 0.000307
1187, 0.000542, 0.000319, 0.000316
1188, 0.000543, 0.000308, 0.000305
1189, 0.000543, 0.000322, 0.000319
1190, 0.000541, 0.000303, 0.000299
1191, 0.000544, 0.000319, 0.000314
1192, 0.000541, 0.000316, 0.000313
1193, 0.000539, 0.000306, 0.000301
1194, 0.000545, 0.000326, 0.000322
1195, 0.000545, 0.000304, 0.000302
1196, 0.000539, 0.000322, 0.000317
1197, 0.000543, 0.000314, 0.000312
1198, 0.000547, 0.000316, 0.000312
1199, 0.000541, 0.000310, 0.000306
1200, 0.000534, 0.000311, 0.000310
1201, 0.000545, 0.000327, 0.000322
1202, 0.000544, 0.000297, 0.000295
1203, 0.000538, 0.000336, 0.000332
1204, 0.000547, 0.000299, 0.000295
1205, 0.000550, 0.000330, 0.000326
1206, 0.000541, 0.000298, 0.000294
1207, 0.000534, 0.000306, 0.000302
1208, 0.000535, 0.000316, 0.000313
1209, 0.000536, 0.000296, 0.000292
1210, 0.000535, 0.000312, 0.000309
1211, 0.000536, 0.000305, 0.000303
1212, 0.000534, 0.000300, 0.000297
1213, 0.000534, 0.000315, 0.000313
1214, 0.000536, 0.000299, 0.000298
1215, 0.000537, 0.000325, 0.000320
1216, 0.000538, 0.000303, 0.000301
1217, 0.000537, 0.000320, 0.000315
1218, 0.000537, 0.000296, 0.000292
1219, 0.000533, 0.000313, 0.000310
1220, 0.000537, 0.000317, 0.000313
1221, 0.000534, 0.000298, 0.000292
1222, 0.000534, 0.000317, 0.000313
1223, 0.000536, 0.000301, 0.000298
1224, 0.000536, 0.000307, 0.000302
1225, 0.000530, 0.000301, 0.000300
1226, 0.000531, 0.000304, 0.000300
1227, 0.000531, 0.000298, 0.000294
1228, 0.000529, 0.000312, 0.000311
1229, 0.000532, 0.000301, 0.000296
1230, 0.000534, 0.000295, 0.000291
1231, 0.000529, 0.000319, 0.000316
1232, 0.000530, 0.000290, 0.000287
1233, 0.000531, 0.000316, 0.000312
1234, 0.000529, 0.000297, 0.000295
1235, 0.000529, 0.000302, 0.000297
1236, 0.000530, 0.000308, 0.000306
1237, 0.000529, 0.000296, 0.000293
1238, 0.000526, 0.000314, 0.000306
1239, 0.000535, 0.000303, 0.000303
1240, 0.000538, 0.000330, 0.000325
1241, 0.000538, 0.000286, 0.000283
1242, 0.000539, 0.000352, 0.000350
1243, 0.000548, 0.000288, 0.000284
1244, 0.000539, 0.000308, 0.000304
1245, 0.000527, 0.000305, 0.000303
1246, 0.000526, 0.000298, 0.000292
1247, 0.000533, 0.000313, 0.000309
1248, 0.000528, 0.000292, 0.000289
1249, 0.000526, 0.000315, 0.000309
1250, 0.000534, 0.000301, 0.000300
1251, 0.000535, 0.000310, 0.000305
1252, 0.000526, 0.000289, 0.000285
1253, 0.000527, 0.000319, 0.000318
1254, 0.000535, 0.000297, 0.000292
1255, 0.000527, 0.000290, 0.000288
1256, 0.000524, 0.000312, 0.000310
1257, 0.000525, 0.000288, 0.000284
1258, 0.000525, 0.000300, 0.000297
1259, 0.000520, 0.000307, 0.000303
1260, 0.000523, 0.000285, 0.000281
1261, 0.000524, 0.000310, 0.000306
1262, 0.000523, 0.000294, 0.000293
1263, 0.000524, 0.000295, 0.000291
1264, 0.000521, 0.000304, 0.000300
1265, 0.000522, 0.000292, 0.000290
1266, 0.000523, 0.000305, 0.000300
1267, 0.000523, 0.000292, 0.000289
1268, 0.000522, 0.000303, 0.000300
1269, 0.000524, 0.000293, 0.000289
1270, 0.000519, 0.000294, 0.000290
1271, 0.000519, 0.000303, 0.000300
1272, 0.000522, 0.000285, 0.000281
1273, 0.000519, 0.000311, 0.000307
1274, 0.000520, 0.000288, 0.000287
1275, 0.000520, 0.000307, 0.000303
1276, 0.000521, 0.000293, 0.000291
1277, 0.000524, 0.000300, 0.000297
1278, 0.000521, 0.000291, 0.000288
1279, 0.000519, 0.000294, 0.000293
1280, 0.000519, 0.000305, 0.000300
1281, 0.000519, 0.000283, 0.000281
1282, 0.000520, 0.000309, 0.000306
1283, 0.000521, 0.000285, 0.000281
1284, 0.000516, 0.000290, 0.000287
1285, 0.000516, 0.000300, 0.000297
1286, 0.000517, 0.000281, 0.000278
1287, 0.000516, 0.000310, 0.000305
1288, 0.000519, 0.000288, 0.000286
1289, 0.000523, 0.000303, 0.000298
1290, 0.000519, 0.000288, 0.000285
1291, 0.000517, 0.000298, 0.000295
1292, 0.000515, 0.000294, 0.000290
1293, 0.000518, 0.000282, 0.000280
1294, 0.000519, 0.000312, 0.000308
1295, 0.000519, 0.000278, 0.000275
1296, 0.000520, 0.000321, 0.000318
1297, 0.000521, 0.000286, 0.000283
1298, 0.000516, 0.000295, 0.000290
1299, 0.000515, 0.000298, 0.000295
1300, 0.000515, 0.000288, 0.000284
1301, 0.000511, 0.000293, 0.000289
1302, 0.000513, 0.000295, 0.000292
1303, 0.000513, 0.000283, 0.000280
1304, 0.000515, 0.000295, 0.000291
1305, 0.000512, 0.000288, 0.000286
1306, 0.000514, 0.000293, 0.000289
1307, 0.000512, 0.000289, 0.000285
1308, 0.000513, 0.000288, 0.000286
1309, 0.000512, 0.000297, 0.000293
1310, 0.000512, 0.000288, 0.000284
1311, 0.000514, 0.000291, 0.000288
1312, 0.000510, 0.000289, 0.000285
1313, 0.000510, 0.000290, 0.000286
1314, 0.000512, 0.000298, 0.000294
1315, 0.000512, 0.000284, 0.000281
1316, 0.000508, 0.000299, 0.000296
1317, 0.000513, 0.000283, 0.000280
1318, 0.000513, 0.000304, 0.000300
1319, 0.000514, 0.000282, 0.000281
1320, 0.000518, 0.000322, 0.000318
1321, 0.000519, 0.000280, 0.000279
1322, 0.000521, 0.000326, 0.000322
1323, 0.000519, 0.000275, 0.000272
1324, 0.000514, 0.000305, 0.000301
1325, 0.000512, 0.000283, 0.000280
1326, 0.000511, 0.000294, 0.000290
1327, 0.000508, 0.000284, 0.000281
1328, 0.000512, 0.000294, 0.000291
1329, 0.000508, 0.000291, 0.000287
1330, 0.000508, 0.000285, 0.000282
1331, 0.000507, 0.000302, 0.000298
1332, 0.000512, 0.000279, 0.000276
1333, 0.000509, 0.000308, 0.000303
1334, 0.000511, 0.000279, 0.000276
1335, 0.000510, 0.000302, 0.000297
1336, 0.000509, 0.000281, 0.000279
1337, 0.000509, 0.000293, 0.000291
1338, 0.000510, 0.000285, 0.000282
1339, 0.000506, 0.000288, 0.000284
1340, 0.000507, 0.000292, 0.000288
1341, 0.000507, 0.000278, 0.000274
1342, 0.000512, 0.000305, 0.000300
1343, 0.000509, 0.000280, 0.000278
1344, 0.000509, 0.000294, 0.000289
1345, 0.000507, 0.000283, 0.000280
1346, 0.000507, 0.000289, 0.000287
1347, 0.000506, 0.000284, 0.000280
1348, 0.000506, 0.000291, 0.000288
1349, 0.000507, 0.000283, 0.000280
1350, 0.000505, 0.000291, 0.000287
1351, 0.000505, 0.000287, 0.000284
1352, 0.000505, 0.000285, 0.000282
1353, 0.000506, 0.000299, 0.000294
1354, 0.000509, 0.000277, 0.000275
1355, 0.000510, 0.000323, 0.000319
1356, 0.000516, 0.000274, 0.000271
1357, 0.000517, 0.000327, 0.000324
1358, 0.000517, 0.000271, 0.000268
1359, 0.000513, 0.000311, 0.000307
1360, 0.000509, 0.000279, 0.000277
1361, 0.000506, 0.000278, 0.000274
1362, 0.000505, 0.000310, 0.000305
1363, 0.000509, 0.000270, 0.000268
1364, 0.000515, 0.000334, 0.000328
1365, 0.000522, 0.000274, 0.000273
1366, 0.000520, 0.000325, 0.000320
1367, 0.000517, 0.000271, 0.000269
1368, 0.000511, 0.000299, 0.000296
1369, 0.000508, 0.000285, 0.000281
1370, 0.000505, 0.000275, 0.000272
1371, 0.000502, 0.000307, 0.000302
1372, 0.000507, 0.000274, 0.000270
1373, 0.000505, 0.000296, 0.000290
1374, 0.000504, 0.000282, 0.000278
1375, 0.000503, 0.000282, 0.000277
1376, 0.000501, 0.000291, 0.000287
1377, 0.000502, 0.000274, 0.000271
1378, 0.000505, 0.000298, 0.000294
1379, 0.000505, 0.000275, 0.000272
1380, 0.000502, 0.000282, 0.000278
1381, 0.000500, 0.000287, 0.000284
1382, 0.000501, 0.000277, 0.000273
1383, 0.000501, 0.000294, 0.000290
1384, 0.000503, 0.000274, 0.000271
1385, 0.000503, 0.000286, 0.000282
1386, 0.000500, 0.000281, 0.000279
1387, 0.000503, 0.000278, 0.000274
1388, 0.000501, 0.000299, 0.000294
1389, 0.000502, 0.000273, 0.000271
1390, 0.000503, 0.000304, 0.000299
1391, 0.000503, 0.000273, 0.000269
1392, 0.000503, 0.000293, 0.000289
1393, 0.000499, 0.000274, 0.000270
1394, 0.000498, 0.000285, 0.000281
1395, 0.000499, 0.000287, 0.000283
1396, 0.000497, 0.000276, 0.000274
1397, 0.000500, 0.000291, 0.000287
1398, 0.000499, 0.000276, 0.000272
1399, 0.000500, 0.000290, 0.000286
1400, 0.000499, 0.000279, 0.000275
1401, 0.000496, 0.000278, 0.000274
1402, 0.000499, 0.000294, 0.000290
1403, 0.000500, 0.000272, 0.000269
1404, 0.000499, 0.000300, 0.000296
1405, 0.000502, 0.000271, 0.000269
1406, 0.000500, 0.000292, 0.000288
1407, 0.000497, 0.000280, 0.000276
1408, 0.000495, 0.000279, 0.000278
1409, 0.000499, 0.000303, 0.000298
1410, 0.000503, 0.000267, 0.000265
1411, 0.000503, 0.000324, 0.000319
1412, 0.000507, 0.000266, 0.000263
1413, 0.000506, 0.000296, 0.000292
1414, 0.000496, 0.000281, 0.000278
1415, 0.000498, 0.000271, 0.000267
1416, 0.000499, 0.000306, 0.000301
1417, 0.000502, 0.000268, 0.000265
1418, 0.000504, 0.000314, 0.000308
1419, 0.000507, 0.000272, 0.000270
1420, 0.000503, 0.000295, 0.000290
1421, 0.000495, 0.000281, 0.000276
1422, 0.000497, 0.000273, 0.000271
1423, 0.000498, 0.000304, 0.000298
1424, 0.000500, 0.000266, 0.000262
1425, 0.000501, 0.000302, 0.000298
1426, 0.000499, 0.000274, 0.000270
1427, 0.000492, 0.000275, 0.000270
1428, 0.000494, 0.000298, 0.000294
1429, 0.000497, 0.000266, 0.000262
1430, 0.000501, 0.000314, 0.000308
1431, 0.000503, 0.000268, 0.000266
1432, 0.000501, 0.000293, 0.000288
1433, 0.000497, 0.000281, 0.000276
1434, 0.000493, 0.000271, 0.000269
1435, 0.000498, 0.000311, 0.000305
1436, 0.000500, 0.000264, 0.000261
1437, 0.000506, 0.000323, 0.000318
1438, 0.000505, 0.000264, 0.000261
1439, 0.000499, 0.000283, 0.000279
1440, 0.000494, 0.000293, 0.000288
1441, 0.000494, 0.000264, 0.000261
1442, 0.000500, 0.000315, 0.000309
1443, 0.000503, 0.000264, 0.000262
1444, 0.000502, 0.000292, 0.000287
1445, 0.000493, 0.000275, 0.000271
1446, 0.000489, 0.000266, 0.000263
1447, 0.000497, 0.000315, 0.000309
1448, 0.000501, 0.000263, 0.000261
1449, 0.000503, 0.000300, 0.000296
1450, 0.000493, 0.000276, 0.000272
1451, 0.000492, 0.000266, 0.000263
1452, 0.000495, 0.000320, 0.000315
1453, 0.000504, 0.000264, 0.000261
1454, 0.000503, 0.000301, 0.000295
1455, 0.000496, 0.000275, 0.000272
1456, 0.000492, 0.000267, 0.000262
1457, 0.000490, 0.000293, 0.000288
1458, 0.000494, 0.000267, 0.000265
1459, 0.000497, 0.000300, 0.000294
1460, 0.000497, 0.000267, 0.000263
1461, 0.000489, 0.000275, 0.000272
1462, 0.000488, 0.000287, 0.000281
1463, 0.000490, 0.000261, 0.000258
1464, 0.000495, 0.000298, 0.000293
1465, 0.000494, 0.000267, 0.000262
1466, 0.000492, 0.000274, 0.000270
1467, 0.000489, 0.000288, 0.000283
1468, 0.000493, 0.000263, 0.000259
1469, 0.000494, 0.000304, 0.000299
1470, 0.000499, 0.000265, 0.000261
1471, 0.000494, 0.000282, 0.000277
1472, 0.000489, 0.000280, 0.000276
1473, 0.000489, 0.000269, 0.000264
1474, 0.000489, 0.000299, 0.000293
1475, 0.000495, 0.000262, 0.000259
1476, 0.000498, 0.000310, 0.000303
1477, 0.000499, 0.000263, 0.000259
1478, 0.000491, 0.000281, 0.000277
1479, 0.000489, 0.000286, 0.000280
1480, 0.000490, 0.000261, 0.000258
1481, 0.000493, 0.000310, 0.000305
1482, 0.000496, 0.000263, 0.000259
1483, 0.000489, 0.000271, 0.000267
1484, 0.000485, 0.000296, 0.000292
1485, 0.000492, 0.000261, 0.000257
1486, 0.000491, 0.000293, 0.000287
1487, 0.000488, 0.000273, 0.000270
1488, 0.000487, 0.000267, 0.000263
1489, 0.000485, 0.000282, 0.000276
1490, 0.000490, 0.000271, 0.000268
1491, 0.000486, 0.000272, 0.000268
1492, 0.000483, 0.000276, 0.000271
1493, 0.000484, 0.000274, 0.000271
1494, 0.000483, 0.000272, 0.000268
1495, 0.000483, 0.000277, 0.000272
1496, 0.000483, 0.000267, 0.000265
1497, 0.000488, 0.000287, 0.000282
1498, 0.000486, 0.000262, 0.000257
1499, 0.000485, 0.000287, 0.000283
1500, 0.000485, 0.000271, 0.000265
1501, 0.000482, 0.000269, 0.000264
1502, 0.000483, 0.000285, 0.000280
1503, 0.000483, 0.000267, 0.000261
1504, 0.000484, 0.000271, 0.000266
1505, 0.000481, 0.000281, 0.000277
1506, 0.000485, 0.000267, 0.000262
1507, 0.000483, 0.000275, 0.000270
1508, 0.000480, 0.000278, 0.000274
1509, 0.000482, 0.000267, 0.000261
1510, 0.000481, 0.000279, 0.000273
1511, 0.000481, 0.000272, 0.000268
1512, 0.000483, 0.000269, 0.000264
1513, 0.000481, 0.000276, 0.000271
1514, 0.000482, 0.000270, 0.000267
1515, 0.000483, 0.000275, 0.000270
1516, 0.000479, 0.000274, 0.000268
1517, 0.000480, 0.000269, 0.000265
1518, 0.000481, 0.000281, 0.000276
1519, 0.000479, 0.000267, 0.000262
1520, 0.000481, 0.000280, 0.000276
1521, 0.000480, 0.000269, 0.000265
1522, 0.000479, 0.000271, 0.000265
1523, 0.000479, 0.000277, 0.000272
1524, 0.000484, 0.000268, 0.000263
1525, 0.000480, 0.000276, 0.000270
1526, 0.000479, 0.000267, 0.000263
1527, 0.000482, 0.000286, 0.000280
1528, 0.000482, 0.000260, 0.000256
1529, 0.000481, 0.000281, 0.000277
1530, 0.000481, 0.000267, 0.000262
1531, 0.000480, 0.000267, 0.000264
1532, 0.000478, 0.000283, 0.000279
1533, 0.000479, 0.000265, 0.000260
1534, 0.000481, 0.000285, 0.000281
1535, 0.000478, 0.000265, 0.000261
1536, 0.000476, 0.000274, 0.000268
1537, 0.000479, 0.000280, 0.000276
1538, 0.000478, 0.000260, 0.000256
1539, 0.000476, 0.000287, 0.000280
1540, 0.000481, 0.000263, 0.000260
1541, 0.000480, 0.000283, 0.000278
1542, 0.000479, 0.000264, 0.000259
1543, 0.000476, 0.000275, 0.000272
1544, 0.000474, 0.000270, 0.000265
1545, 0.000477, 0.000268, 0.000263
1546, 0.000478, 0.000274, 0.000271
1547, 0.000477, 0.000272, 0.000268
1548, 0.000477, 0.000265, 0.000260
1549, 0.000474, 0.000290, 0.000286
1550, 0.000479, 0.000258, 0.000254
1551, 0.000480, 0.000293, 0.000287
1552, 0.000480, 0.000264, 0.000260
1553, 0.000476, 0.000268, 0.000264
1554, 0.000475, 0.000288, 0.000281
1555, 0.000479, 0.000257, 0.000254
1556, 0.000480, 0.000308, 0.000301
1557, 0.000486, 0.000255, 0.000251
1558, 0.000479, 0.000282, 0.000277
1559, 0.000476, 0.000266, 0.000261
1560, 0.000475, 0.000268, 0.000264
1561, 0.000474, 0.000270, 0.000265
1562, 0.000474, 0.000269, 0.000264
1563, 0.000472, 0.000266, 0.000261
1564, 0.000471, 0.000273, 0.000268
1565, 0.000470, 0.000261, 0.000256
1566, 0.000472, 0.000279, 0.000273
1567, 0.000477, 0.000263, 0.000259
1568, 0.000474, 0.000278, 0.000272
1569, 0.000473, 0.000263, 0.000258
1570, 0.000475, 0.000287, 0.000281
1571, 0.000476, 0.000257, 0.000253
1572, 0.000476, 0.000289, 0.000283
1573, 0.000475, 0.000257, 0.000254
1574, 0.000476, 0.000282, 0.000276
1575, 0.000472, 0.000260, 0.000255
1576, 0.000472, 0.000271, 0.000266
1577, 0.000472, 0.000269, 0.000263
1578, 0.000468, 0.000258, 0.000252
1579, 0.000476, 0.000292, 0.000287
1580, 0.000478, 0.000253, 0.000249
1581, 0.000476, 0.000289, 0.000283
1582, 0.000474, 0.000259, 0.000255
1583, 0.000476, 0.000284, 0.000278
1584, 0.000472, 0.000262, 0.000257
1585, 0.000471, 0.000264, 0.000258
1586, 0.000469, 0.000280, 0.000273
1587, 0.000472, 0.000259, 0.000254
1588, 0.000470, 0.000265, 0.000260
1589, 0.000470, 0.000290, 0.000283
1590, 0.000474, 0.000251, 0.000247
1591, 0.000478, 0.000320, 0.000314
1592, 0.000486, 0.000249, 0.000245
1593, 0.000486, 0.000300, 0.000294
1594, 0.000475, 0.000260, 0.000255
1595, 0.000469, 0.000255, 0.000250
1596, 0.000468, 0.000298, 0.000291
1597, 0.000475, 0.000250, 0.000246
1598, 0.000480, 0.000301, 0.000294
1599, 0.000478, 0.000250, 0.000245
1600, 0.000470, 0.000270, 0.000265
1601, 0.000469, 0.000270, 0.000265
1602, 0.000465, 0.000252, 0.000248
1603, 0.000470, 0.000294, 0.000288
1604, 0.000472, 0.000250, 0.000245
1605, 0.000471, 0.000272, 0.000267
1606, 0.000467, 0.000267, 0.000261
1607, 0.000465, 0.000249, 0.000244
1608, 0.000466, 0.000289, 0.000282
1609, 0.000471, 0.000254, 0.000250
1610, 0.000471, 0.000269, 0.000263
1611, 0.000466, 0.000264, 0.000258
1612, 0.000466, 0.000263, 0.000258
1613, 0.000465, 0.000262, 0.000256
1614, 0.000467, 0.000270, 0.000264
1615, 0.000463, 0.000258, 0.000254
1616, 0.000468, 0.000273, 0.000266
1617, 0.000465, 0.000256, 0.000250
1618, 0.000467, 0.000270, 0.000265
1619, 0.000466, 0.000262, 0.000256
1620, 0.000465, 0.000254, 0.000248
1621, 0.000465, 0.000296, 0.000289
1622, 0.000469, 0.000246, 0.000241
1623, 0.000473, 0.000290, 0.000283
1624, 0.000469, 0.000253, 0.000249
1625, 0.000467, 0.000261, 0.000255
1626, 0.000462, 0.000283, 0.000275
1627, 0.000464, 0.000249, 0.000245
1628, 0.000471, 0.000297, 0.000289
1629, 0.000472, 0.000246, 0.000240
1630, 0.000467, 0.000272, 0.000266
1631, 0.000466, 0.000264, 0.000257
1632, 0.000464, 0.000249, 0.000243
1633, 0.000465, 0.000291, 0.000284
1634, 0.000468, 0.000245, 0.000240
1635, 0.000467, 0.000279, 0.000272
1636, 0.000467, 0.000251, 0.000246
1637, 0.000463, 0.000264, 0.000258
1638, 0.000460, 0.000268, 0.000262
1639, 0.000461, 0.000252, 0.000246
1640, 0.000460, 0.000275, 0.000269
1641, 0.000465, 0.000250, 0.000244
1642, 0.000462, 0.000267, 0.000261
1643, 0.000460, 0.000254, 0.000249
1644, 0.000460, 0.000261, 0.000255
1645, 0.000459, 0.000266, 0.000259
1646, 0.000460, 0.000254, 0.000248
1647, 0.000458, 0.000262, 0.000255
1648, 0.000461, 0.000261, 0.000255
1649, 0.000458, 0.000258, 0.000252
1650, 0.000460, 0.000265, 0.000257
1651, 0.000465, 0.000256, 0.000250
1652, 0.000458, 0.000272, 0.000265
1653, 0.000460, 0.000250, 0.000244
1654, 0.000461, 0.000272, 0.000266
1655, 0.000459, 0.000257, 0.000250
1656, 0.000453, 0.000251, 0.000244
1657, 0.000461, 0.000281, 0.000275
1658, 0.000462, 0.000246, 0.000240
1659, 0.000461, 0.000274, 0.000266
1660, 0.000460, 0.000258, 0.000253
1661, 0.000460, 0.000257, 0.000251
1662, 0.000457, 0.000272, 0.000265
1663, 0.000458, 0.000253, 0.000249
1664, 0.000462, 0.000272, 0.000265
1665, 0.000456, 0.000248, 0.000242
1666, 0.000458, 0.000271, 0.000266
1667, 0.000459, 0.000253, 0.000246
1668, 0.000455, 0.000254, 0.000247
1669, 0.000455, 0.000266, 0.000258
1670, 0.000456, 0.000246, 0.000240
1671, 0.000460, 0.000280, 0.000271
1672, 0.000461, 0.000243, 0.000237
1673, 0.000460, 0.000293, 0.000285
1674, 0.000464, 0.000242, 0.000236
1675, 0.000462, 0.000283, 0.000275
1676, 0.000457, 0.000255, 0.000249
1677, 0.000452, 0.000246, 0.000240
1678, 0.000455, 0.000285, 0.000277
1679, 0.000459, 0.000240, 0.000235
1680, 0.000461, 0.000292, 0.000284
1681, 0.000461, 0.000245, 0.000239
1682, 0.000456, 0.000257, 0.000250
1683, 0.000450, 0.000274, 0.000266
1684, 0.000456, 0.000238, 0.000232
1685, 0.000462, 0.000298, 0.000289
1686, 0.000463, 0.000241, 0.000235
1687, 0.000457, 0.000262, 0.000255
1688, 0.000452, 0.000265, 0.000258
1689, 0.000451, 0.000244, 0.000238
1690, 0.000453, 0.000283, 0.000275
1691, 0.000457, 0.000243, 0.000237
1692, 0.000453, 0.000260, 0.000252
1693, 0.000450, 0.000269, 0.000261
1694, 0.000452, 0.000243, 0.000236
1695, 0.000454, 0.000280, 0.000271
1696, 0.000453, 0.000240, 0.000234
1697, 0.000456, 0.000269, 0.000261
1698, 0.000451, 0.000249, 0.000241
1699, 0.000450, 0.000247, 0.000241
1700, 0.000451, 0.000273, 0.000265
1701, 0.000451, 0.000242, 0.000235
1702, 0.000452, 0.000273, 0.000264
1703, 0.000453, 0.000249, 0.000242
1704, 0.000450, 0.000250, 0.000243
1705, 0.000447, 0.000264, 0.000256
1706, 0.000448, 0.000244, 0.000238
1707, 0.000450, 0.000270, 0.000261
1708, 0.000450, 0.000246, 0.000238
1709, 0.000448, 0.000257, 0.000249
1710, 0.000447, 0.000255, 0.000247
1711, 0.000446, 0.000247, 0.000240
1712, 0.000446, 0.000258, 0.000251
1713, 0.000449, 0.000252, 0.000245
1714, 0.000447, 0.000254, 0.000247
1715, 0.000446, 0.000255, 0.000250
1716, 0.000447, 0.000256, 0.000249
1717, 0.000446, 0.000240, 0.000234
1718, 0.000449, 0.000279, 0.000272
1719, 0.000451, 0.000235, 0.000229
1720, 0.000455, 0.000286, 0.000278
1721, 0.000454, 0.000237, 0.000231
1722, 0.000448, 0.000256, 0.000248
1723, 0.000446, 0.000262, 0.000254
1724, 0.000445, 0.000239, 0.000233
1725, 0.000451, 0.000280, 0.000271
1726, 0.000450, 0.000238, 0.000231
1727, 0.000447, 0.000265, 0.000258
1728, 0.000447, 0.000247, 0.000239
1729, 0.000444, 0.000252, 0.000245
1730, 0.000440, 0.000262, 0.000255
1731, 0.000445, 0.000242, 0.000235
1732, 0.000447, 0.000275, 0.000267
1733, 0.000450, 0.000238, 0.000232
1734, 0.000449, 0.000273, 0.000263
1735, 0.000444, 0.000240, 0.000233
1736, 0.000443, 0.000252, 0.000246
1737, 0.000444, 0.000262, 0.000254
1738, 0.000443, 0.000236, 0.000228
1739, 0.000447, 0.000275, 0.000267
1740, 0.000446, 0.000238, 0.000231
1741, 0.000445, 0.000260, 0.000251
1742, 0.000443, 0.000245, 0.000238
1743, 0.000443, 0.000259, 0.000251
1744, 0.000441, 0.000252, 0.000242
1745, 0.000443, 0.000253, 0.000246
1746, 0.000443, 0.000258, 0.000249
1747, 0.000440, 0.000241, 0.000232
1748, 0.000445, 0.000272, 0.000264
1749, 0.000446, 0.000239, 0.000232
1750, 0.000442, 0.000265, 0.000255
1751, 0.000442, 0.000245, 0.000237
1752, 0.000441, 0.000255, 0.000247
1753, 0.000440, 0.000247, 0.000239
1754, 0.000439, 0.000244, 0.000237
1755, 0.000440, 0.000260, 0.000251
1756, 0.000439, 0.000239, 0.000232
1757, 0.000441, 0.000263, 0.000255
1758, 0.000441, 0.000240, 0.000233
1759, 0.000439, 0.000253, 0.000246
1760, 0.000439, 0.000253, 0.000244
1761, 0.000440, 0.000238, 0.000230
1762, 0.000439, 0.000267, 0.000259
1763, 0.000440, 0.000238, 0.000230
1764, 0.000440, 0.000263, 0.000253
1765, 0.000438, 0.000242, 0.000234
1766, 0.000440, 0.000254, 0.000245
1767, 0.000436, 0.000257, 0.000247
1768, 0.000439, 0.000233, 0.000226
1769, 0.000442, 0.000278, 0.000268
1770, 0.000443, 0.000229, 0.000222
1771, 0.000440, 0.000263, 0.000254
1772, 0.000438, 0.000246, 0.000237
1773, 0.000435, 0.000238, 0.000229
1774, 0.000437, 0.000266, 0.000256
1775, 0.000437, 0.000231, 0.000224
1776, 0.000441, 0.000281, 0.000270
1777, 0.000442, 0.000230, 0.000222
1778, 0.000440, 0.000267, 0.000258
1779, 0.000437, 0.000242, 0.000234
1780, 0.000434, 0.000246, 0.000238
1781, 0.000434, 0.000256, 0.000249
1782, 0.000437, 0.000232, 0.000224
1783, 0.000438, 0.000272, 0.000263
1784, 0.000439, 0.000230, 0.000223
1785, 0.000440, 0.000263, 0.000252
1786, 0.000439, 0.000240, 0.000231
1787, 0.000434, 0.000241, 0.000232
1788, 0.000434, 0.000261, 0.000250
1789, 0.000435, 0.000226, 0.000218
1790, 0.000438, 0.000276, 0.000266
1791, 0.000437, 0.000232, 0.000224
1792, 0.000434, 0.000243, 0.000234
1793, 0.000431, 0.000265, 0.000255
1794, 0.000433, 0.000226, 0.000218
1795, 0.000439, 0.000279, 0.000267
1796, 0.000440, 0.000226, 0.000218
1797, 0.000436, 0.000259, 0.000248
1798, 0.000431, 0.000246, 0.000236
1799, 0.000431, 0.000235, 0.000227
1800, 0.000433, 0.000274, 0.000263
1801, 0.000436, 0.000227, 0.000219
1802, 0.000434, 0.000261, 0.000250
1803, 0.000432, 0.000241, 0.000231
1804, 0.000432, 0.000239, 0.000230
1805, 0.000430, 0.000252, 0.000242
1806, 0.000430, 0.000236, 0.000226
1807, 0.000430, 0.000247, 0.000238
1808, 0.000430, 0.000244, 0.000234
1809, 0.000428, 0.000232, 0.000224
1810, 0.000429, 0.000254, 0.000245
1811, 0.000429, 0.000239, 0.000229
1812, 0.000427, 0.000238, 0.000228
1813, 0.000430, 0.000244, 0.000235
1814, 0.000429, 0.000243, 0.000234
1815, 0.000428, 0.000239, 0.000230
1816, 0.000429, 0.000253, 0.000244
1817, 0.000429, 0.000235, 0.000227
1818, 0.000429, 0.000251, 0.000241
1819, 0.000428, 0.000239, 0.000230
1820, 0.000425, 0.000239, 0.000229
1821, 0.000427, 0.000242, 0.000232
1822, 0.000426, 0.000237, 0.000228
1823, 0.000426, 0.000252, 0.000242
1824, 0.000426, 0.000235, 0.000225
1825, 0.000425, 0.000248, 0.000238
1826, 0.000424, 0.000242, 0.000232
1827, 0.000423, 0.000240, 0.000230
1828, 0.000423, 0.000250, 0.000239
1829, 0.000424, 0.000240, 0.000230
1830, 0.000428, 0.000242, 0.000231
1831, 0.000425, 0.000252, 0.000242
1832, 0.000428, 0.000227, 0.000218
1833, 0.000426, 0.000263, 0.000253
1834, 0.000428, 0.000227, 0.000218
1835, 0.000425, 0.000243, 0.000233
1836, 0.000423, 0.000254, 0.000245
1837, 0.000424, 0.000218, 0.000209
1838, 0.000434, 0.000297, 0.000284
1839, 0.000437, 0.000219, 0.000211
1840, 0.000434, 0.000274, 0.000262
1841, 0.000428, 0.000231, 0.000221
1842, 0.000424, 0.000234, 0.000225
1843, 0.000423, 0.000274, 0.000263
1844, 0.000427, 0.000220, 0.000211
1845, 0.000436, 0.000290, 0.000279
1846, 0.000437, 0.000216, 0.000207
1847, 0.000436, 0.000278, 0.000268
1848, 0.000431, 0.000226, 0.000216
1849, 0.000422, 0.000237, 0.000227
1850, 0.000424, 0.000262, 0.000252
1851, 0.000426, 0.000218, 0.000209
1852, 0.000431, 0.000291, 0.000279
1853, 0.000440, 0.000218, 0.000210
1854, 0.000433, 0.000260, 0.000248
1855, 0.000427, 0.000235, 0.000225
1856, 0.000421, 0.000227, 0.000219
1857, 0.000424, 0.000263, 0.000251
1858, 0.000424, 0.000222, 0.000212
1859, 0.000422, 0.000248, 0.000239
1860, 0.000422, 0.000239, 0.000228
1861, 0.000420, 0.000224, 0.000214
1862, 0.000422, 0.000266, 0.000255
1863, 0.000425, 0.000217, 0.000208
1864, 0.000424, 0.000252, 0.000241
1865, 0.000422, 0.000232, 0.000223
1866, 0.000420, 0.000227, 0.000217
1867, 0.000420, 0.000248, 0.000237
1868, 0.000420, 0.000225, 0.000216
1869, 0.000417, 0.000238, 0.000227
1870, 0.000419, 0.000233, 0.000222
1871, 0.000419, 0.000234, 0.000225
1872, 0.000420, 0.000235, 0.000225
1873, 0.000416, 0.000231, 0.000221
1874, 0.000416, 0.000240, 0.000231
1875, 0.000418, 0.000231, 0.000221
1876, 0.000417, 0.000233, 0.000222
1877, 0.000415, 0.000239, 0.000228
1878, 0.000417, 0.000221, 0.000210
1879, 0.000418, 0.000263, 0.000250
1880, 0.000421, 0.000215, 0.000206
1881, 0.000422, 0.000267, 0.000254
1882, 0.000419, 0.000218, 0.000208
1883, 0.000416, 0.000238, 0.000228
1884, 0.000414, 0.000235, 0.000223
1885, 0.000414, 0.000220, 0.000210
1886, 0.000416, 0.000252, 0.000242
1887, 0.000417, 0.000223, 0.000212
1888, 0.000414, 0.000229, 0.000219
1889, 0.000414, 0.000252, 0.000241
1890, 0.000415, 0.000217, 0.000207
1891, 0.000417, 0.000250, 0.000237
1892, 0.000414, 0.000225, 0.000214
1893, 0.000416, 0.000243, 0.000231
1894, 0.000415, 0.000224, 0.000213
1895, 0.000412, 0.000243, 0.000232
1896, 0.000416, 0.000222, 0.000211
1897, 0.000412, 0.000238, 0.000227
1898, 0.000413, 0.000230, 0.000220
1899, 0.000410, 0.000227, 0.000217
1900, 0.000410, 0.000239, 0.000228
1901, 0.000410, 0.000218, 0.000208
1902, 0.000413, 0.000254, 0.000242
1903, 0.000415, 0.000219, 0.000209
1904, 0.000412, 0.000240, 0.000229
1905, 0.000411, 0.000224, 0.000213
1906, 0.000409, 0.000234, 0.000223
1907, 0.000410, 0.000233, 0.000222
1908, 0.000407, 0.000222, 0.000211
1909, 0.000411, 0.000250, 0.000238
1910, 0.000412, 0.000216, 0.000206
1911, 0.000413, 0.000251, 0.000238
1912, 0.000411, 0.000221, 0.000210
1913, 0.000411, 0.000234, 0.000222
1914, 0.000408, 0.000238, 0.000226
1915, 0.000408, 0.000217, 0.000206
1916, 0.000409, 0.000249, 0.000236
1917, 0.000412, 0.000213, 0.000201
1918, 0.000411, 0.000245, 0.000232
1919, 0.000408, 0.000232, 0.000220
1920, 0.000408, 0.000216, 0.000205
1921, 0.000409, 0.000257, 0.000245
1922, 0.000411, 0.000211, 0.000200
1923, 0.000414, 0.000264, 0.000251
1924, 0.000413, 0.000211, 0.000201
1925, 0.000414, 0.000256, 0.000244
1926, 0.000412, 0.000218, 0.000207
1927, 0.000411, 0.000242, 0.000230
1928, 0.000405, 0.000218, 0.000207
1929, 0.000405, 0.000238, 0.000225
1930, 0.000406, 0.000223, 0.000211
1931, 0.000407, 0.000225, 0.000213
1932, 0.000406, 0.000245, 0.000231
1933, 0.000408, 0.000216, 0.000205
1934, 0.000408, 0.000240, 0.000228
1935, 0.000407, 0.000225, 0.000214
1936, 0.000404, 0.000222, 0.000211
1937, 0.000403, 0.000233, 0.000222
1938, 0.000404, 0.000220, 0.000209
1939, 0.000404, 0.000228, 0.000216
1940, 0.000404, 0.000228, 0.000216
1941, 0.000403, 0.000225, 0.000213
1942, 0.000402, 0.000235, 0.000222
1943, 0.000404, 0.000225, 0.000214
1944, 0.000401, 0.000222, 0.000210
1945, 0.000402, 0.000239, 0.000227
1946, 0.000406, 0.000215, 0.000204
1947, 0.000402, 0.000243, 0.000231
1948, 0.000402, 0.000219, 0.000209
1949, 0.000404, 0.000222, 0.000211
1950, 0.000403, 0.000245, 0.000234
1951, 0.000403, 0.000208, 0.000198
1952, 0.000408, 0.000268, 0.000254
1953, 0.000411, 0.000203, 0.000193
1954, 0.000414, 0.000269, 0.000256
1955, 0.000410, 0.000212, 0.000201
1956, 0.000402, 0.000225, 0.000213
1957, 0.000402, 0.000248, 0.000236
1958, 0.000403, 0.000205, 0.000195
1959, 0.000405, 0.000263, 0.000249
1960, 0.000408, 0.000207, 0.000196
1961, 0.000406, 0.000249, 0.000236
1962, 0.000401, 0.000216, 0.000204
1963, 0.000399, 0.000219, 0.000206
1964, 0.000400, 0.000249, 0.000235
1965, 0.000404, 0.000205, 0.000194
1966, 0.000406, 0.000252, 0.000238
1967, 0.000402, 0.000213, 0.000202
1968, 0.000399, 0.000218, 0.000207
1969, 0.000401, 0.000250, 0.000237
1970, 0.000403, 0.000204, 0.000193
1971, 0.000405, 0.000255, 0.000241
1972, 0.000402, 0.000216, 0.000204
1973, 0.000397, 0.000216, 0.000204
1974, 0.000398, 0.000247, 0.000234
1975, 0.000402, 0.000203, 0.000191
1976, 0.000405, 0.000263, 0.000249
1977, 0.000405, 0.000201, 0.000190
1978, 0.000403, 0.000248, 0.000235
1979, 0.000401, 0.000215, 0.000204
1980, 0.000396, 0.000214, 0.000202
1981, 0.000396, 0.000240, 0.000228
1982, 0.000400, 0.000207, 0.000196
1983, 0.000397, 0.000233, 0.000220
1984, 0.000397, 0.000216, 0.000203
1985, 0.000396, 0.000217, 0.000206
1986, 0.000396, 0.000228, 0.000216
1987, 0.000394, 0.000214, 0.000203
1988, 0.000396, 0.000231, 0.000220
1989, 0.000395, 0.000214, 0.000202
1990, 0.000397, 0.000228, 0.000216
1991, 0.000396, 0.000218, 0.000206
1992, 0.000393, 0.000224, 0.000210
1993, 0.000395, 0.000221, 0.000207
1994, 0.000395, 0.000227, 0.000214
1995, 0.000396, 0.000218, 0.000205
1996, 0.000396, 0.000224, 0.000210
1997, 0.000394, 0.000218, 0.000206
1998, 0.000393, 0.000226, 0.000213
1999, 0.000395, 0.000215, 0.000202
2000, 0.000392, 0.000222, 0.000209
2001, 0.000391, 0.000227, 0.000214
2002, 0.000392, 0.000211, 0.000199
2003, 0.000395, 0.000233, 0.000219
2004, 0.000392, 0.000213, 0.000200
2005, 0.000392, 0.000220, 0.000208
2006, 0.000391, 0.000223, 0.000210
2007, 0.000391, 0.000214, 0.000202
2008, 0.000391, 0.000231, 0.000218
2009, 0.000391, 0.000211, 0.000199
2010, 0.000394, 0.000230, 0.000217
2011, 0.000393, 0.000218, 0.000204
2012, 0.000392, 0.000218, 0.000205
2013, 0.000393, 0.000233, 0.000219
2014, 0.000392, 0.000208, 0.000195
2015, 0.000393, 0.000248, 0.000233
2016, 0.000393, 0.000205, 0.000193
2017, 0.000394, 0.000238, 0.000224
2018, 0.000392, 0.000216, 0.000203
2019, 0.000390, 0.000215, 0.000201
2020, 0.000388, 0.000236, 0.000222
2021, 0.000393, 0.000197, 0.000185
2022, 0.000397, 0.000270, 0.000254
2023, 0.000400, 0.000196, 0.000184
2024, 0.000401, 0.000250, 0.000236
2025, 0.000392, 0.000212, 0.000200
2026, 0.000390, 0.000220, 0.000207
2027, 0.000390, 0.000229, 0.000216
2028, 0.000389, 0.000197, 0.000187
2029, 0.000400, 0.000279, 0.000264
2030, 0.000404, 0.000194, 0.000182
2031, 0.000408, 0.000286, 0.000271
2032, 0.000405, 0.000194, 0.000182
2033, 0.000397, 0.000240, 0.000226
2034, 0.000389, 0.000213, 0.000200
2035, 0.000388, 0.000205, 0.000192
2036, 0.000387, 0.000247, 0.000234
2037, 0.000391, 0.000195, 0.000183
2038, 0.000396, 0.000267, 0.000252
2039, 0.000400, 0.000193, 0.000182
2040, 0.000398, 0.000243, 0.000228
2041, 0.000391, 0.000204, 0.000191
2042, 0.000387, 0.000210, 0.000197
2043, 0.000384, 0.000235, 0.000219
2044, 0.000389, 0.000196, 0.000184
2045, 0.000390, 0.000237, 0.000223
2046, 0.000387, 0.000205, 0.000193
2047, 0.000386, 0.000210, 0.000197
2048, 0.000386, 0.000239, 0.000226
2049, 0.000390, 0.000191, 0.000179
2050, 0.000391, 0.000257, 0.000241
2051, 0.000392, 0.000195, 0.000183
2052, 0.000388, 0.000222, 0.000207
2053, 0.000382, 0.000220, 0.000206
2054, 0.000385, 0.000203, 0.000190
2055, 0.000384, 0.000221, 0.000207
2056, 0.000383, 0.000210, 0.000195
2057, 0.000385, 0.000206, 0.000193
2058, 0.000383, 0.000234, 0.000219
2059, 0.000388, 0.000197, 0.000183
2060, 0.000388, 0.000238, 0.000223
2061, 0.000386, 0.000203, 0.000189
2062, 0.000383, 0.000213, 0.000200
2063, 0.000381, 0.000218, 0.000204
2064, 0.000381, 0.000201, 0.000188
2065, 0.000379, 0.000225, 0.000212
2066, 0.000381, 0.000205, 0.000191
2067, 0.000385, 0.000215, 0.000202
2068, 0.000383, 0.000217, 0.000203
2069, 0.000382, 0.000207, 0.000192
2070, 0.000379, 0.000213, 0.000199
2071, 0.000381, 0.000218, 0.000204
2072, 0.000384, 0.000205, 0.000191
2073, 0.000381, 0.000223, 0.000209
2074, 0.000381, 0.000210, 0.000198
2075, 0.000382, 0.000212, 0.000199
2076, 0.000380, 0.000222, 0.000208
2077, 0.000382, 0.000205, 0.000192
2078, 0.000384, 0.000219, 0.000205
2079, 0.000380, 0.000209, 0.000194
2080, 0.000379, 0.000210, 0.000197
2081, 0.000378, 0.000227, 0.000212
2082, 0.000378, 0.000197, 0.000183
2083, 0.000383, 0.000239, 0.000224
2084, 0.000384, 0.000199, 0.000186
2085, 0.000380, 0.000218, 0.000204
2086, 0.000379, 0.000221, 0.000208
2087, 0.000381, 0.000200, 0.000187
2088, 0.000378, 0.000225, 0.000211
2089, 0.000378, 0.000208, 0.000195
2090, 0.000376, 0.000214, 0.000200
2091, 0.000377, 0.000206, 0.000193
2092, 0.000376, 0.000213, 0.000198
2093, 0.000375, 0.000208, 0.000194
2094, 0.000375, 0.000210, 0.000196
2095, 0.000375, 0.000214, 0.000200
2096, 0.000375, 0.000208, 0.000193
2097, 0.000376, 0.000213, 0.000199
2098, 0.000375, 0.000210, 0.000196
2099, 0.000377, 0.000207, 0.000193
2100, 0.000377, 0.000221, 0.000207
2101, 0.000376, 0.000202, 0.000188
2102, 0.000376, 0.000235, 0.000220
2103, 0.000378, 0.000191, 0.000178
2104, 0.000381, 0.000246, 0.000230
2105, 0.000383, 0.000194, 0.000181
2106, 0.000380, 0.000231, 0.000216
2107, 0.000376, 0.000205, 0.000191
2108, 0.000374, 0.000204, 0.000190
2109, 0.000373, 0.000228, 0.000214
2110, 0.000378, 0.000199, 0.000185
2111, 0.000375, 0.000219, 0.000204
2112, 0.000374, 0.000210, 0.000195
2113, 0.000374, 0.000210, 0.000195
2114, 0.000374, 0.000216, 0.000200
2115, 0.000375, 0.000211, 0.000196
2116, 0.000373, 0.000216, 0.000200
2117, 0.000371, 0.000209, 0.000194
2118, 0.000374, 0.000214, 0.000199
2119, 0.000372, 0.000216, 0.000201
2120, 0.000372, 0.000202, 0.000188
2121, 0.000372, 0.000228, 0.000213
2122, 0.000370, 0.000200, 0.000185
2123, 0.000375, 0.000212, 0.000197
2124, 0.000372, 0.000209, 0.000195
2125, 0.000371, 0.000200, 0.000186
2126, 0.000373, 0.000226, 0.000210
2127, 0.000373, 0.000195, 0.000182
2128, 0.000373, 0.000235, 0.000219
2129, 0.000376, 0.000199, 0.000184
2130, 0.000372, 0.000228, 0.000212
2131, 0.000373, 0.000206, 0.000191
2132, 0.000373, 0.000213, 0.000198
2133, 0.000372, 0.000217, 0.000201
2134, 0.000371, 0.000202, 0.000188
2135, 0.000370, 0.000225, 0.000210
2136, 0.000370, 0.000196, 0.000182
2137, 0.000374, 0.000228, 0.000213
2138, 0.000371, 0.000195, 0.000180
2139, 0.000371, 0.000217, 0.000201
2140, 0.000369, 0.000225, 0.000210
2141, 0.000373, 0.000188, 0.000174
2142, 0.000377, 0.000271, 0.000253
2143, 0.000382, 0.000183, 0.000170
2144, 0.000385, 0.000275, 0.000258
2145, 0.000386, 0.000188, 0.000175
2146, 0.000379, 0.000234, 0.000220
2147, 0.000369, 0.000209, 0.000195
2148, 0.000369, 0.000195, 0.000181
2149, 0.000368, 0.000232, 0.000216
2150, 0.000370, 0.000191, 0.000177
2151, 0.000374, 0.000223, 0.000207
2152, 0.000368, 0.000204, 0.000189
2153, 0.000368, 0.000203, 0.000188
2154, 0.000367, 0.000217, 0.000202
2155, 0.000367, 0.000200, 0.000185
2156, 0.000366, 0.000211, 0.000195
2157, 0.000367, 0.000208, 0.000194
2158, 0.000367, 0.000198, 0.000184
2159, 0.000366, 0.000221, 0.000206
2160, 0.000366, 0.000194, 0.000180
2161, 0.000367, 0.000224, 0.000208
2162, 0.000370, 0.000192, 0.000178
2163, 0.000366, 0.000224, 0.000208
2164, 0.000368, 0.000202, 0.000186
2165, 0.000367, 0.000210, 0.000194
2166, 0.000363, 0.000206, 0.000192
2167, 0.000364, 0.000218, 0.000202
2168, 0.000368, 0.000195, 0.000180
2169, 0.000365, 0.000230, 0.000214
2170, 0.000367, 0.000192, 0.000177
2171, 0.000368, 0.000228, 0.000212
2172, 0.000367, 0.000193, 0.000179
2173, 0.000366, 0.000226, 0.000211
2174, 0.000366, 0.000195, 0.000179
2175, 0.000367, 0.000222, 0.000207
2176, 0.000365, 0.000198, 0.000183
2177, 0.000366, 0.000215, 0.000199
2178, 0.000361, 0.000202, 0.000187
2179, 0.000361, 0.000209, 0.000194
2180, 0.000365, 0.000205, 0.000189
2181, 0.000362, 0.000211, 0.000194
2182, 0.000363, 0.000203, 0.000187
2183, 0.000362, 0.000211, 0.000194
2184, 0.000362, 0.000195, 0.000178
2185, 0.000364, 0.000226, 0.000210
2186, 0.000363, 0.000193, 0.000178
2187, 0.000362, 0.000223, 0.000207
2188, 0.000361, 0.000201, 0.000187
2189, 0.000361, 0.000198, 0.000183
2190, 0.000362, 0.000225, 0.000209
2191, 0.000363, 0.000190, 0.000176
2192, 0.000364, 0.000232, 0.000216
2193, 0.000365, 0.000191, 0.000176
2194, 0.000366, 0.000220, 0.000204
2195, 0.000362, 0.000199, 0.000184
2196, 0.000361, 0.000211, 0.000195
2197, 0.000359, 0.000219, 0.000203
2198, 0.000361, 0.000187, 0.000172
2199, 0.000366, 0.000243, 0.000226
2200, 0.000366, 0.000182, 0.000167
2201, 0.000366, 0.000243, 0.000227
2202, 0.000369, 0.000185, 0.000170
2203, 0.000362, 0.000228, 0.000211
2204, 0.000360, 0.000199, 0.000185
2205, 0.000361, 0.000202, 0.000186
2206, 0.000359, 0.000232, 0.000215
2207, 0.000361, 0.000180, 0.000166
2208, 0.000368, 0.000275, 0.000257
2209, 0.000374, 0.000176, 0.000161
2210, 0.000372, 0.000251, 0.000233
2211, 0.000366, 0.000191, 0.000176
2212, 0.000362, 0.000197, 0.000181
2213, 0.000362, 0.000236, 0.000219
2214, 0.000362, 0.000178, 0.000164
2215, 0.000367, 0.000257, 0.000239
2216, 0.000370, 0.000175, 0.000161
2217, 0.000366, 0.000228, 0.000212
2218, 0.000360, 0.000206, 0.000190
2219, 0.000357, 0.000186, 0.000171
2220, 0.000361, 0.000251, 0.000233
2221, 0.000366, 0.000178, 0.000162
2222, 0.000366, 0.000237, 0.000219
2223, 0.000363, 0.000192, 0.000176
2224, 0.000360, 0.000207, 0.000191
2225, 0.000357, 0.000216, 0.000200
2226, 0.000356, 0.000185, 0.000171
2227, 0.000358, 0.000225, 0.000208
2228, 0.000358, 0.000186, 0.000170
2229, 0.000360, 0.000215, 0.000198
2230, 0.000356, 0.000194, 0.000179
2231, 0.000358, 0.000207, 0.000190
2232, 0.000355, 0.000200, 0.000183
2233, 0.000356, 0.000202, 0.000186
2234, 0.000356, 0.000204, 0.000188
2235, 0.000355, 0.000195, 0.000179
2236, 0.000356, 0.000219, 0.000203
2237, 0.000357, 0.000189, 0.000174
2238, 0.000355, 0.000219, 0.000203
2239, 0.000356, 0.000192, 0.000178
2240, 0.000358, 0.000205, 0.000189
2241, 0.000354, 0.000207, 0.000190
2242, 0.000353, 0.000191, 0.000176
2243, 0.000355, 0.000216, 0.000199
2244, 0.000354, 0.000195, 0.000180
2245, 0.000354, 0.000198, 0.000182
2246, 0.000354, 0.000222, 0.000206
2247, 0.000356, 0.000178, 0.000162
2248, 0.000359, 0.000251, 0.000232
2249, 0.000362, 0.000177, 0.000163
2250, 0.000361, 0.000225, 0.000208
2251, 0.000353, 0.000193, 0.000177
2252, 0.000355, 0.000208, 0.000193
2253, 0.000351, 0.000201, 0.000185
2254, 0.000351, 0.000196, 0.000181
2255, 0.000351, 0.000212, 0.000196
2256, 0.000351, 0.000190, 0.000176
2257, 0.000351, 0.000208, 0.000191
2258, 0.000349, 0.000203, 0.000187
2259, 0.000351, 0.000200, 0.000185
2260, 0.000351, 0.000200, 0.000184
2261, 0.000351, 0.000211, 0.000195
2262, 0.000349, 0.000193, 0.000177
2263, 0.000353, 0.000208, 0.000191
2264, 0.000349, 0.000187, 0.000171
2265, 0.000353, 0.000227, 0.000210
2266, 0.000352, 0.000188, 0.000173
2267, 0.000349, 0.000200, 0.000183
2268, 0.000348, 0.000210, 0.000193
2269, 0.000348, 0.000186, 0.000172
2270, 0.000361, 0.000251, 0.000234
2271, 0.000362, 0.000181, 0.000166
2272, 0.000355, 0.000237, 0.000221
2273, 0.000357, 0.000192, 0.000176
2274, 0.000351, 0.000202, 0.000184
2275, 0.000348, 0.000210, 0.000194
2276, 0.000353, 0.000194, 0.000176
2277, 0.000352, 0.000223, 0.000204
2278, 0.000351, 0.000194, 0.000179
2279, 0.000352, 0.000208, 0.000192
2280, 0.000350, 0.000198, 0.000183
2281, 0.000350, 0.000206, 0.000191
2282, 0.000348, 0.000194, 0.000179
2283, 0.000349, 0.000217, 0.000201
2284, 0.000347, 0.000193, 0.000178
2285, 0.000349, 0.000215, 0.000198
2286, 0.000351, 0.000192, 0.000176
2287, 0.000348, 0.000206, 0.000189
2288, 0.000346, 0.000208, 0.000190
2289, 0.000351, 0.000201, 0.000184
2290, 0.000346, 0.000206, 0.000189
2291, 0.000345, 0.000200, 0.000183
2292, 0.000347, 0.000199, 0.000182
2293, 0.000346, 0.000198, 0.000181
2294, 0.000346, 0.000208, 0.000191
2295, 0.000346, 0.000201, 0.000185
2296, 0.000347, 0.000200, 0.000184
2297, 0.000344, 0.000209, 0.000192
2298, 0.000349, 0.000194, 0.000179
2299, 0.000348, 0.000210, 0.000194
2300, 0.000344, 0.000194, 0.000177
2301, 0.000345, 0.000202, 0.000186
2302, 0.000346, 0.000209, 0.000191
2303, 0.000344, 0.000200, 0.000182
2304, 0.000346, 0.000198, 0.000182
2305, 0.000345, 0.000210, 0.000191
2306, 0.000344, 0.000209, 0.000191
2307, 0.000346, 0.000184, 0.000169
2308, 0.000346, 0.000251, 0.000234
2309, 0.000352, 0.000170, 0.000155
2310, 0.000354, 0.000262, 0.000244
2311, 0.000357, 0.000168, 0.000153
2312, 0.000354, 0.000246, 0.000228
2313, 0.000353, 0.000180, 0.000164
2314, 0.000346, 0.000213, 0.000196
2315, 0.000344, 0.000210, 0.000193
2316, 0.000345, 0.000180, 0.000165
2317, 0.000347, 0.000244, 0.000226
2318, 0.000351, 0.000169, 0.000154
2319, 0.000356, 0.000270, 0.000252
2320, 0.000360, 0.000169, 0.000154
2321, 0.000355, 0.000235, 0.000217
2322, 0.000347, 0.000189, 0.000173
2323, 0.000342, 0.000191, 0.000174
2324, 0.000343, 0.000220, 0.000201
2325, 0.000342, 0.000183, 0.000166
2326, 0.000343, 0.000219, 0.000199
2327, 0.000341, 0.000181, 0.000164
2328, 0.000343, 0.000220, 0.000202
2329, 0.000342, 0.000182, 0.000166
2330, 0.000341, 0.000206, 0.000190
2331, 0.000340, 0.000195, 0.000179
2332, 0.000341, 0.000184, 0.000169
2333, 0.000340, 0.000224, 0.000206
2334, 0.000344, 0.000177, 0.000161
2335, 0.000342, 0.000233, 0.000213
2336, 0.000345, 0.000176, 0.000159
2337, 0.000346, 0.000223, 0.000204
2338, 0.000344, 0.000186, 0.000169
2339, 0.000337, 0.000199, 0.000182
2340, 0.000337, 0.000207, 0.000190
2341, 0.000335, 0.000180, 0.000165
2342, 0.000341, 0.000234, 0.000217
2343, 0.000344, 0.000169, 0.000153
2344, 0.000347, 0.000248, 0.000228
2345, 0.000348, 0.000171, 0.000156
2346, 0.000342, 0.000211, 0.000193
2347, 0.000338, 0.000205, 0.000187
2348, 0.000337, 0.000176, 0.000159
2349, 0.000339, 0.000233, 0.000214
2350, 0.000342, 0.000172, 0.000156
2351, 0.000343, 0.000228, 0.000210
2352, 0.000342, 0.000175, 0.000160
2353, 0.000343, 0.000220, 0.000202
2354, 0.000339, 0.000179, 0.000163
2355, 0.000336, 0.000218, 0.000200
2356, 0.000339, 0.000181, 0.000165
2357, 0.000336, 0.000200, 0.000182
2358, 0.000334, 0.000197, 0.000180
2359, 0.000334, 0.000196, 0.000179
2360, 0.000336, 0.000192, 0.000175
2361, 0.000334, 0.000215, 0.000197
2362, 0.000336, 0.000173, 0.000158
2363, 0.000339, 0.000235, 0.000216
2364, 0.000340, 0.000174, 0.000158
2365, 0.000337, 0.000211, 0.000193
2366, 0.000336, 0.000188, 0.000171
2367, 0.000333, 0.000192, 0.000174
2368, 0.000332, 0.000204, 0.000186
2369, 0.000333, 0.000188, 0.000170
2370, 0.000335, 0.000202, 0.000184
2371, 0.000333, 0.000188, 0.000171
2372, 0.000334, 0.000201, 0.000183
2373, 0.000333, 0.000188, 0.000171
2374, 0.000333, 0.000207, 0.000189
2375, 0.000333, 0.000195, 0.000178
2376, 0.000333, 0.000190, 0.000172
2377, 0.000332, 0.000219, 0.000200
2378, 0.000334, 0.000178, 0.000162
2379, 0.000335, 0.000214, 0.000196
2380, 0.000333, 0.000184, 0.000167
2381, 0.000334, 0.000211, 0.000193
2382, 0.000329, 0.000195, 0.000178
2383, 0.000331, 0.000189, 0.000171
2384, 0.000333, 0.000217, 0.000198
2385, 0.000333, 0.000182, 0.000164
2386, 0.000332, 0.000221, 0.000202
2387, 0.000334, 0.000174, 0.000158
2388, 0.000337, 0.000218, 0.000199
2389, 0.000331, 0.000191, 0.000174
2390, 0.000332, 0.000192, 0.000176
2391, 0.000331, 0.000219, 0.000201
2392, 0.000332, 0.000175, 0.000159
2393, 0.000333, 0.000240, 0.000221
2394, 0.000339, 0.000175, 0.000159
2395, 0.000335, 0.000230, 0.000212
2396, 0.000334, 0.000176, 0.000161
2397, 0.000333, 0.000222, 0.000204
2398, 0.000333, 0.000177, 0.000162
2399, 0.000334, 0.000203, 0.000186
2400, 0.000329, 0.000211, 0.000193
2401, 0.000328, 0.000174, 0.000158
2402, 0.000331, 0.000225, 0.000207
2403, 0.000331, 0.000182, 0.000165
2404, 0.000334, 0.000209, 0.000192
2405, 0.000329, 0.000189, 0.000173
2406, 0.000326, 0.000207, 0.000190
2407, 0.000328, 0.000188, 0.000172
2408, 0.000327, 0.000206, 0.000190
2409, 0.000328, 0.000185, 0.000168
2410, 0.000325, 0.000201, 0.000185
2411, 0.000328, 0.000200, 0.000184
2412, 0.000327, 0.000183, 0.000167
2413, 0.000327, 0.000213, 0.000196
2414, 0.000330, 0.000187, 0.000171
2415, 0.000327, 0.000195, 0.000179
2416, 0.000327, 0.000210, 0.000194
2417, 0.000327, 0.000183, 0.000168
2418, 0.000327, 0.000217, 0.000201
2419, 0.000329, 0.000179, 0.000164
2420, 0.000329, 0.000222, 0.000205
2421, 0.000330, 0.000177, 0.000160
2422, 0.000329, 0.000224, 0.000206
2423, 0.000327, 0.000179, 0.000162
2424, 0.000324, 0.000196, 0.000178
2425, 0.000325, 0.000212, 0.000194
2426, 0.000326, 0.000175, 0.000160
2427, 0.000328, 0.000236, 0.000217
2428, 0.000327, 0.000171, 0.000156
2429, 0.000330, 0.000227, 0.000210
2430, 0.000325, 0.000181, 0.000165
2431, 0.000327, 0.000198, 0.000181
2432, 0.000324, 0.000202, 0.000185
2433, 0.000325, 0.000180, 0.000163
2434, 0.000325, 0.000228, 0.000208
2435, 0.000328, 0.000169, 0.000153
2436, 0.000329, 0.000241, 0.000222
2437, 0.000330, 0.000168, 0.000151
2438, 0.000331, 0.000256, 0.000237
2439, 0.000335, 0.000163, 0.000149
2440, 0.000332, 0.000249, 0.000230
2441, 0.000331, 0.000168, 0.000152
2442, 0.000325, 0.000198, 0.000182
2443, 0.000323, 0.000221, 0.000203
2444, 0.000323, 0.000162, 0.000147
2445, 0.000333, 0.000274, 0.000255
2446, 0.000342, 0.000157, 0.000143
2447, 0.000339, 0.000256, 0.000236
2448, 0.000332, 0.000174, 0.000158
2449, 0.000324, 0.000184, 0.000167
2450, 0.000322, 0.000237, 0.000218
2451, 0.000328, 0.000158, 0.000144
2452, 0.000341, 0.000276, 0.000256
2453, 0.000342, 0.000163, 0.000147
2454, 0.000334, 0.000222, 0.000206
2455, 0.000328, 0.000191, 0.000174
2456, 0.000318, 0.000171, 0.000155
2457, 0.000326, 0.000244, 0.000226
2458, 0.000333, 0.000159, 0.000144
2459, 0.000331, 0.000224, 0.000205
2460, 0.000324, 0.000195, 0.000178
2461, 0.000320, 0.000168, 0.000152
2462, 0.000323, 0.000241, 0.000221
2463, 0.000331, 0.000162, 0.000147
2464, 0.000332, 0.000229, 0.000211
2465, 0.000323, 0.000181, 0.000165
2466, 0.000319, 0.000182, 0.000167
2467, 0.000320, 0.000218, 0.000201
2468, 0.000322, 0.000168, 0.000152
2469, 0.000323, 0.000213, 0.000196
2470, 0.000321, 0.000179, 0.000163
2471, 0.000318, 0.000185, 0.000168
2472, 0.000319, 0.000209, 0.000192
2473, 0.000318, 0.000170, 0.000154
2474, 0.000318, 0.000213, 0.000195
2475, 0.000321, 0.000183, 0.000166
2476, 0.000316, 0.000180, 0.000164
2477, 0.000316, 0.000220, 0.000201
2478, 0.000321, 0.000159, 0.000144
2479, 0.000322, 0.000228, 0.000209
2480, 0.000323, 0.000173, 0.000156
2481, 0.000317, 0.000187, 0.000170
2482, 0.000316, 0.000210, 0.000193
2483, 0.000316, 0.000168, 0.000153
2484, 0.000317, 0.000210, 0.000194
2485, 0.000320, 0.000179, 0.000163
2486, 0.000316, 0.000182, 0.000167
2487, 0.000314, 0.000213, 0.000196
2488, 0.000317, 0.000162, 0.000147
2489, 0.000323, 0.000235, 0.000215
2490, 0.000321, 0.000164, 0.000147
2491, 0.000318, 0.000192, 0.000174
2492, 0.000314, 0.000210, 0.000192
2493, 0.000315, 0.000158, 0.000143
2494, 0.000322, 0.000241, 0.000223
2495, 0.000324, 0.000167, 0.000151
2496, 0.000314, 0.000183, 0.000167
2497, 0.000314, 0.000231, 0.000213
2498, 0.000320, 0.000157, 0.000141
2499, 0.000324, 0.000235, 0.000217
2500, 0.000323, 0.000168, 0.000152
2501, 0.000314, 0.000182, 0.000165
2502, 0.000312, 0.000219, 0.000201
2503, 0.000318, 0.000162, 0.000147
2504, 0.000318, 0.000213, 0.000195
2505, 0.000314, 0.000181, 0.000165
2506, 0.000312, 0.000179, 0.000163
2507, 0.000310, 0.000202, 0.000185
2508, 0.000311, 0.000177, 0.000160
2509, 0.000310, 0.000189, 0.000172
2510, 0.000310, 0.000188, 0.000171
2511, 0.000309, 0.000182, 0.000165
2512, 0.000310, 0.000201, 0.000183
2513, 0.000313, 0.000172, 0.000156
2514, 0.000311, 0.000209, 0.000192
2515, 0.000312, 0.000174, 0.000158
2516, 0.000309, 0.000187, 0.000171
2517, 0.000309, 0.000200, 0.000183
2518, 0.000309, 0.000167, 0.000152
2519, 0.000311, 0.000206, 0.000189
2520, 0.000309, 0.000184, 0.000167
2521, 0.000309, 0.000180, 0.000163
2522, 0.000308, 0.000196, 0.000179
2523, 0.000309, 0.000181, 0.000163
2524, 0.000307, 0.000194, 0.000176
2525, 0.000309, 0.000189, 0.000173
2526, 0.000310, 0.000180, 0.000163
2527, 0.000306, 0.000198, 0.000181
2528, 0.000306, 0.000187, 0.000171
2529, 0.000306, 0.000177, 0.000161
2530, 0.000309, 0.000215, 0.000197
2531, 0.000309, 0.000166, 0.000151
2532, 0.000309, 0.000203, 0.000186
2533, 0.000306, 0.000183, 0.000167
2534, 0.000308, 0.000184, 0.000168
2535, 0.000306, 0.000200, 0.000183
2536, 0.000306, 0.000169, 0.000152
2537, 0.000307, 0.000207, 0.000190
2538, 0.000305, 0.000181, 0.000166
2539, 0.000307, 0.000194, 0.000177
2540, 0.000305, 0.000195, 0.000179
2541, 0.000304, 0.000173, 0.000158
2542, 0.000306, 0.000215, 0.000198
2543, 0.000308, 0.000168, 0.000152
2544, 0.000309, 0.000214, 0.000197
2545, 0.000306, 0.000177, 0.000161
2546, 0.000306, 0.000191, 0.000175
2547, 0.000304, 0.000207, 0.000190
2548, 0.000305, 0.000157, 0.000142
2549, 0.000312, 0.000251, 0.000233
2550, 0.000318, 0.000151, 0.000137
2551, 0.000317, 0.000247, 0.000229
2552, 0.000315, 0.000164, 0.000149
2553, 0.000307, 0.000185, 0.000169
2554, 0.000301, 0.000226, 0.000208
2555, 0.000306, 0.000149, 0.000134
2556, 0.000319, 0.000282, 0.000261
2557, 0.000324, 0.000150, 0.000134
2558, 0.000318, 0.000232, 0.000212
2559, 0.000309, 0.000183, 0.000166
2560, 0.000301, 0.000165, 0.000150
2561, 0.000302, 0.000236, 0.000217
2562, 0.000310, 0.000152, 0.000138
2563, 0.000310, 0.000221, 0.000204
2564, 0.000306, 0.000182, 0.000167
2565, 0.000301, 0.000159, 0.000144
2566, 0.000304, 0.000247, 0.000229
2567, 0.000313, 0.000148, 0.000133
2568, 0.000316, 0.000227, 0.000210
2569, 0.000307, 0.000174, 0.000158
2570, 0.000301, 0.000170, 0.000155
2571, 0.000299, 0.000220, 0.000203
2572, 0.000305, 0.000161, 0.000145
2573, 0.000305, 0.000211, 0.000193
2574, 0.000301, 0.000167, 0.000151
2575, 0.000300, 0.000179, 0.000162
2576, 0.000298, 0.000213, 0.000194
2577, 0.000301, 0.000151, 0.000136
2578, 0.000307, 0.000231, 0.000213
2579, 0.000306, 0.000165, 0.000149
2580, 0.000298, 0.000178, 0.000162
