Epoch, Train Loss, Valid Loss, Test Loss
1, 0.499493, 0.542106, 0.543752
2, 0.429502, 0.475905, 0.478214
3, 0.376111, 0.417425, 0.420618
4, 0.336429, 0.369361, 0.373140
5, 0.306244, 0.331295, 0.335596
6, 0.282713, 0.307053, 0.311426
7, 0.266795, 0.287294, 0.291666
8, 0.252600, 0.270030, 0.274290
9, 0.238972, 0.252842, 0.256745
10, 0.224660, 0.235908, 0.239489
11, 0.210134, 0.219383, 0.222626
12, 0.195482, 0.203329, 0.206183
13, 0.180920, 0.188477, 0.190978
14, 0.167288, 0.174386, 0.176608
15, 0.154494, 0.160795, 0.162784
16, 0.142304, 0.147863, 0.149649
17, 0.130761, 0.135472, 0.137075
18, 0.119754, 0.123404, 0.124852
19, 0.109112, 0.111590, 0.112916
20, 0.098777, 0.100134, 0.101365
21, 0.088823, 0.089210, 0.090359
22, 0.079364, 0.079032, 0.080104
23, 0.070530, 0.069779, 0.070771
24, 0.062444, 0.061492, 0.062401
25, 0.055166, 0.054133, 0.054961
26, 0.048683, 0.047645, 0.048402
27, 0.042936, 0.041968, 0.042665
28, 0.037882, 0.037044, 0.037687
29, 0.033473, 0.032741, 0.033334
30, 0.029611, 0.028917, 0.029467
31, 0.026226, 0.025529, 0.026039
32, 0.023201, 0.022565, 0.023039
33, 0.020596, 0.020014, 0.020453
34, 0.018317, 0.017824, 0.018234
35, 0.016366, 0.015960, 0.016342
36, 0.014709, 0.014377, 0.014737
37, 0.013300, 0.013044, 0.013386
38, 0.012116, 0.011913, 0.012241
39, 0.011105, 0.010944, 0.011258
40, 0.010232, 0.010091, 0.010394
41, 0.009458, 0.009317, 0.009608
42, 0.008782, 0.008598, 0.008880
43, 0.008152, 0.007959, 0.008231
44, 0.007598, 0.007386, 0.007646
45, 0.007098, 0.006870, 0.007120
46, 0.006647, 0.006405, 0.006646
47, 0.006258, 0.005987, 0.006220
48, 0.005907, 0.005621, 0.005848
49, 0.005603, 0.005308, 0.005530
50, 0.005339, 0.005045, 0.005261
51, 0.005111, 0.004819, 0.005028
52, 0.004902, 0.004615, 0.004815
53, 0.004713, 0.004431, 0.004624
54, 0.004550, 0.004263, 0.004449
55, 0.004402, 0.004116, 0.004295
56, 0.004264, 0.003985, 0.004159
57, 0.004145, 0.003864, 0.004034
58, 0.004041, 0.003760, 0.003924
59, 0.003952, 0.003676, 0.003835
60, 0.003880, 0.003608, 0.003763
61, 0.003811, 0.003543, 0.003694
62, 0.003747, 0.003476, 0.003623
63, 0.003698, 0.003412, 0.003555
64, 0.003651, 0.003350, 0.003489
65, 0.003602, 0.003301, 0.003435
66, 0.003553, 0.003257, 0.003387
67, 0.003503, 0.003219, 0.003345
68, 0.003480, 0.003173, 0.003297
69, 0.003440, 0.003133, 0.003253
70, 0.003419, 0.003101, 0.003218
71, 0.003382, 0.003081, 0.003194
72, 0.003355, 0.003058, 0.003168
73, 0.003337, 0.003033, 0.003141
74, 0.003315, 0.003008, 0.003113
75, 0.003298, 0.002985, 0.003087
76, 0.003273, 0.002967, 0.003066
77, 0.003264, 0.002954, 0.003050
78, 0.003248, 0.002945, 0.003038
79, 0.003233, 0.002932, 0.003022
80, 0.003216, 0.002914, 0.003002
81, 0.003206, 0.002897, 0.002983
82, 0.003195, 0.002882, 0.002966
83, 0.003186, 0.002877, 0.002959
84, 0.003171, 0.002879, 0.002957
85, 0.003170, 0.002868, 0.002944
86, 0.003154, 0.002857, 0.002930
87, 0.003146, 0.002844, 0.002916
88, 0.003139, 0.002833, 0.002904
89, 0.003131, 0.002828, 0.002896
90, 0.003129, 0.002820, 0.002887
91, 0.003114, 0.002812, 0.002876
92, 0.003113, 0.002809, 0.002871
93, 0.003113, 0.002809, 0.002867
94, 0.003101, 0.002805, 0.002861
95, 0.003093, 0.002798, 0.002852
96, 0.003081, 0.002790, 0.002843
97, 0.003083, 0.002781, 0.002833
98, 0.003077, 0.002776, 0.002826
99, 0.003066, 0.002779, 0.002827
100, 0.003068, 0.002781, 0.002827
101, 0.003062, 0.002777, 0.002823
102, 0.003050, 0.002768, 0.002813
103, 0.003051, 0.002759, 0.002802
104, 0.003049, 0.002756, 0.002797
105, 0.003040, 0.002759, 0.002798
106, 0.003035, 0.002762, 0.002800
107, 0.003037, 0.002758, 0.002794
108, 0.003026, 0.002750, 0.002785
109, 0.003021, 0.002742, 0.002776
110, 0.003021, 0.002742, 0.002774
111, 0.003018, 0.002745, 0.002776
112, 0.003019, 0.002740, 0.002770
113, 0.003010, 0.002735, 0.002765
114, 0.003007, 0.002731, 0.002760
115, 0.003011, 0.002731, 0.002758
116, 0.002992, 0.002730, 0.002757
117, 0.002992, 0.002726, 0.002752
118, 0.002988, 0.002723, 0.002748
119, 0.002988, 0.002723, 0.002747
120, 0.002987, 0.002723, 0.002746
121, 0.002980, 0.002721, 0.002743
122, 0.002981, 0.002718, 0.002739
123, 0.002979, 0.002716, 0.002736
124, 0.002975, 0.002713, 0.002731
125, 0.002973, 0.002714, 0.002732
126, 0.002968, 0.002713, 0.002730
127, 0.002965, 0.002703, 0.002720
128, 0.002965, 0.002701, 0.002717
129, 0.002963, 0.002701, 0.002717
130, 0.002957, 0.002707, 0.002721
131, 0.002956, 0.002706, 0.002718
132, 0.002948, 0.002702, 0.002713
133, 0.002943, 0.002696, 0.002708
134, 0.002941, 0.002695, 0.002705
135, 0.002935, 0.002694, 0.002704
136, 0.002938, 0.002694, 0.002702
137, 0.002938, 0.002695, 0.002703
138, 0.002930, 0.002693, 0.002700
139, 0.002928, 0.002691, 0.002698
140, 0.002921, 0.002686, 0.002692
141, 0.002917, 0.002684, 0.002690
142, 0.002914, 0.002683, 0.002688
143, 0.002910, 0.002684, 0.002689
144, 0.002911, 0.002685, 0.002690
145, 0.002907, 0.002686, 0.002690
146, 0.002902, 0.002683, 0.002685
147, 0.002903, 0.002678, 0.002681
148, 0.002894, 0.002674, 0.002676
149, 0.002904, 0.002672, 0.002674
150, 0.002894, 0.002671, 0.002673
151, 0.002888, 0.002674, 0.002674
152, 0.002890, 0.002673, 0.002672
153, 0.002880, 0.002672, 0.002671
154, 0.002888, 0.002669, 0.002668
155, 0.002881, 0.002667, 0.002667
156, 0.002877, 0.002667, 0.002666
157, 0.002876, 0.002669, 0.002666
158, 0.002871, 0.002667, 0.002663
159, 0.002870, 0.002668, 0.002664
160, 0.002868, 0.002663, 0.002659
161, 0.002866, 0.002664, 0.002660
162, 0.002856, 0.002660, 0.002655
163, 0.002862, 0.002658, 0.002653
164, 0.002857, 0.002657, 0.002651
165, 0.002852, 0.002658, 0.002651
166, 0.002853, 0.002658, 0.002651
167, 0.002845, 0.002660, 0.002652
168, 0.002847, 0.002657, 0.002650
169, 0.002841, 0.002655, 0.002647
170, 0.002848, 0.002652, 0.002643
171, 0.002842, 0.002652, 0.002643
172, 0.002837, 0.002649, 0.002640
173, 0.002831, 0.002649, 0.002639
174, 0.002834, 0.002648, 0.002639
175, 0.002829, 0.002647, 0.002637
176, 0.002829, 0.002647, 0.002637
177, 0.002820, 0.002646, 0.002636
178, 0.002823, 0.002645, 0.002635
179, 0.002818, 0.002645, 0.002634
180, 0.002814, 0.002643, 0.002632
181, 0.002816, 0.002643, 0.002632
182, 0.002809, 0.002641, 0.002629
183, 0.002808, 0.002638, 0.002626
184, 0.002806, 0.002637, 0.002624
185, 0.002803, 0.002637, 0.002623
186, 0.002802, 0.002639, 0.002626
187, 0.002802, 0.002637, 0.002624
188, 0.002795, 0.002636, 0.002623
189, 0.002796, 0.002633, 0.002619
190, 0.002796, 0.002636, 0.002620
191, 0.002790, 0.002633, 0.002618
192, 0.002788, 0.002631, 0.002617
193, 0.002783, 0.002628, 0.002614
194, 0.002781, 0.002625, 0.002610
195, 0.002779, 0.002625, 0.002610
196, 0.002780, 0.002626, 0.002610
197, 0.002781, 0.002626, 0.002611
198, 0.002776, 0.002624, 0.002608
199, 0.002767, 0.002621, 0.002604
200, 0.002769, 0.002619, 0.002603
201, 0.002763, 0.002620, 0.002603
202, 0.002762, 0.002622, 0.002605
203, 0.002763, 0.002622, 0.002605
204, 0.002756, 0.002618, 0.002600
205, 0.002763, 0.002615, 0.002596
206, 0.002758, 0.002613, 0.002594
207, 0.002754, 0.002612, 0.002594
208, 0.002751, 0.002612, 0.002595
209, 0.002750, 0.002611, 0.002593
210, 0.002743, 0.002610, 0.002591
