Epoch, Train Loss, Valid Loss, Test Loss
1, 0.489186, 0.542108, 0.543752
2, 0.420767, 0.475906, 0.478214
3, 0.368546, 0.417436, 0.420626
4, 0.329680, 0.369342, 0.373115
5, 0.300119, 0.331257, 0.335555
6, 0.277068, 0.306987, 0.311355
7, 0.261451, 0.287194, 0.291563
8, 0.247511, 0.269898, 0.274154
9, 0.234114, 0.252689, 0.256588
10, 0.220047, 0.235739, 0.239315
11, 0.205772, 0.219212, 0.222447
12, 0.191384, 0.203166, 0.206014
13, 0.177093, 0.188328, 0.190823
14, 0.163719, 0.174254, 0.176469
15, 0.151173, 0.160675, 0.162658
16, 0.139224, 0.147750, 0.149531
17, 0.127912, 0.135360, 0.136958
18, 0.117126, 0.123286, 0.124730
19, 0.106699, 0.111465, 0.112787
20, 0.096576, 0.100004, 0.101232
21, 0.086831, 0.089080, 0.090227
22, 0.077578, 0.078907, 0.079977
23, 0.068940, 0.069662, 0.070653
24, 0.061037, 0.061388, 0.062296
25, 0.053928, 0.054043, 0.054870
26, 0.047599, 0.047569, 0.048326
27, 0.041991, 0.041906, 0.042602
28, 0.037061, 0.036995, 0.037637
29, 0.032760, 0.032704, 0.033297
30, 0.028993, 0.028889, 0.029439
31, 0.025692, 0.025508, 0.026018
32, 0.022743, 0.022549, 0.023023
33, 0.020202, 0.020002, 0.020442
34, 0.017980, 0.017818, 0.018227
35, 0.016077, 0.015957, 0.016340
36, 0.014462, 0.014377, 0.014738
37, 0.013089, 0.013046, 0.013389
38, 0.011935, 0.011916, 0.012245
39, 0.010949, 0.010947, 0.011263
40, 0.010097, 0.010095, 0.010399
41, 0.009342, 0.009321, 0.009613
42, 0.008682, 0.008602, 0.008885
43, 0.008067, 0.007964, 0.008236
44, 0.007526, 0.007391, 0.007652
45, 0.007037, 0.006876, 0.007126
46, 0.006597, 0.006411, 0.006653
47, 0.006218, 0.005993, 0.006227
48, 0.005875, 0.005627, 0.005855
49, 0.005578, 0.005313, 0.005536
50, 0.005320, 0.005051, 0.005267
51, 0.005097, 0.004824, 0.005033
52, 0.004893, 0.004620, 0.004821
53, 0.004708, 0.004436, 0.004629
54, 0.004548, 0.004267, 0.004453
55, 0.004403, 0.004119, 0.004299
56, 0.004269, 0.003988, 0.004163
57, 0.004152, 0.003867, 0.004037
58, 0.004050, 0.003762, 0.003927
59, 0.003964, 0.003678, 0.003838
60, 0.003893, 0.003610, 0.003765
61, 0.003826, 0.003545, 0.003696
62, 0.003762, 0.003478, 0.003625
63, 0.003715, 0.003414, 0.003557
64, 0.003668, 0.003352, 0.003490
65, 0.003621, 0.003303, 0.003437
66, 0.003573, 0.003258, 0.003388
67, 0.003524, 0.003220, 0.003347
68, 0.003502, 0.003175, 0.003298
69, 0.003463, 0.003134, 0.003254
70, 0.003442, 0.003102, 0.003219
71, 0.003406, 0.003082, 0.003195
72, 0.003380, 0.003058, 0.003169
73, 0.003362, 0.003034, 0.003142
74, 0.003341, 0.003008, 0.003113
75, 0.003324, 0.002985, 0.003088
76, 0.003299, 0.002968, 0.003067
77, 0.003290, 0.002954, 0.003051
78, 0.003275, 0.002945, 0.003039
79, 0.003260, 0.002932, 0.003023
80, 0.003243, 0.002915, 0.003003
81, 0.003234, 0.002897, 0.002984
82, 0.003223, 0.002883, 0.002967
83, 0.003215, 0.002878, 0.002959
84, 0.003200, 0.002879, 0.002958
85, 0.003198, 0.002868, 0.002944
86, 0.003183, 0.002857, 0.002931
87, 0.003175, 0.002845, 0.002916
88, 0.003168, 0.002834, 0.002904
89, 0.003161, 0.002829, 0.002897
90, 0.003158, 0.002821, 0.002888
91, 0.003143, 0.002812, 0.002877
92, 0.003143, 0.002810, 0.002871
93, 0.003143, 0.002809, 0.002868
94, 0.003131, 0.002805, 0.002861
95, 0.003123, 0.002798, 0.002853
96, 0.003112, 0.002790, 0.002844
97, 0.003113, 0.002782, 0.002834
98, 0.003108, 0.002777, 0.002827
99, 0.003097, 0.002780, 0.002827
100, 0.003099, 0.002781, 0.002828
101, 0.003093, 0.002778, 0.002824
102, 0.003082, 0.002769, 0.002814
103, 0.003082, 0.002759, 0.002803
104, 0.003081, 0.002756, 0.002798
105, 0.003072, 0.002760, 0.002799
106, 0.003067, 0.002763, 0.002801
107, 0.003068, 0.002758, 0.002795
108, 0.003058, 0.002750, 0.002786
109, 0.003053, 0.002743, 0.002777
110, 0.003053, 0.002743, 0.002775
111, 0.003051, 0.002746, 0.002777
112, 0.003052, 0.002741, 0.002771
113, 0.003042, 0.002736, 0.002765
114, 0.003039, 0.002732, 0.002761
115, 0.003043, 0.002731, 0.002759
116, 0.003025, 0.002731, 0.002757
117, 0.003024, 0.002727, 0.002753
118, 0.003021, 0.002724, 0.002748
119, 0.003021, 0.002724, 0.002748
120, 0.003019, 0.002723, 0.002747
121, 0.003013, 0.002721, 0.002744
122, 0.003014, 0.002719, 0.002740
123, 0.003012, 0.002717, 0.002737
124, 0.003008, 0.002714, 0.002732
125, 0.003006, 0.002715, 0.002733
126, 0.003001, 0.002714, 0.002731
127, 0.002998, 0.002704, 0.002721
128, 0.002999, 0.002701, 0.002718
129, 0.002996, 0.002702, 0.002718
130, 0.002990, 0.002708, 0.002722
131, 0.002989, 0.002707, 0.002719
132, 0.002981, 0.002702, 0.002714
133, 0.002977, 0.002697, 0.002709
134, 0.002975, 0.002696, 0.002707
135, 0.002968, 0.002695, 0.002705
136, 0.002972, 0.002694, 0.002703
137, 0.002971, 0.002696, 0.002704
138, 0.002964, 0.002693, 0.002701
139, 0.002962, 0.002692, 0.002699
140, 0.002956, 0.002686, 0.002693
141, 0.002952, 0.002685, 0.002691
142, 0.002948, 0.002684, 0.002689
143, 0.002944, 0.002685, 0.002690
144, 0.002946, 0.002686, 0.002691
145, 0.002941, 0.002687, 0.002691
146, 0.002936, 0.002684, 0.002686
147, 0.002938, 0.002679, 0.002682
148, 0.002929, 0.002675, 0.002677
149, 0.002939, 0.002673, 0.002675
150, 0.002929, 0.002672, 0.002674
151, 0.002923, 0.002674, 0.002675
152, 0.002925, 0.002673, 0.002673
153, 0.002915, 0.002673, 0.002672
154, 0.002923, 0.002670, 0.002669
155, 0.002916, 0.002668, 0.002668
156, 0.002912, 0.002668, 0.002667
157, 0.002911, 0.002670, 0.002667
158, 0.002906, 0.002668, 0.002664
159, 0.002906, 0.002669, 0.002665
160, 0.002903, 0.002664, 0.002660
161, 0.002901, 0.002664, 0.002661
162, 0.002892, 0.002661, 0.002656
163, 0.002898, 0.002659, 0.002654
164, 0.002892, 0.002658, 0.002652
165, 0.002887, 0.002659, 0.002652
166, 0.002889, 0.002659, 0.002652
167, 0.002881, 0.002661, 0.002653
168, 0.002883, 0.002658, 0.002651
169, 0.002877, 0.002656, 0.002648
170, 0.002884, 0.002653, 0.002644
171, 0.002878, 0.002653, 0.002644
172, 0.002873, 0.002650, 0.002641
173, 0.002867, 0.002649, 0.002640
174, 0.002870, 0.002649, 0.002640
175, 0.002865, 0.002648, 0.002638
176, 0.002865, 0.002648, 0.002638
177, 0.002856, 0.002647, 0.002637
178, 0.002860, 0.002646, 0.002635
179, 0.002854, 0.002646, 0.002635
180, 0.002850, 0.002644, 0.002633
181, 0.002853, 0.002644, 0.002633
182, 0.002845, 0.002641, 0.002630
183, 0.002845, 0.002639, 0.002627
184, 0.002843, 0.002637, 0.002625
185, 0.002840, 0.002638, 0.002624
186, 0.002838, 0.002640, 0.002627
187, 0.002838, 0.002638, 0.002625
188, 0.002832, 0.002637, 0.002624
189, 0.002832, 0.002634, 0.002620
190, 0.002833, 0.002636, 0.002621
191, 0.002827, 0.002634, 0.002619
192, 0.002825, 0.002631, 0.002618
193, 0.002820, 0.002628, 0.002615
194, 0.002818, 0.002626, 0.002611
195, 0.002817, 0.002626, 0.002611
196, 0.002817, 0.002626, 0.002611
197, 0.002818, 0.002627, 0.002612
198, 0.002813, 0.002624, 0.002609
199, 0.002805, 0.002622, 0.002605
200, 0.002806, 0.002620, 0.002604
201, 0.002800, 0.002621, 0.002604
202, 0.002800, 0.002623, 0.002606
203, 0.002801, 0.002623, 0.002606
204, 0.002794, 0.002619, 0.002601
205, 0.002800, 0.002616, 0.002597
206, 0.002796, 0.002614, 0.002595
207, 0.002791, 0.002612, 0.002595
208, 0.002789, 0.002613, 0.002596
209, 0.002788, 0.002612, 0.002594
210, 0.002781, 0.002611, 0.002592
211, 0.002784, 0.002609, 0.002590
212, 0.002783, 0.002610, 0.002591
213, 0.002781, 0.002609, 0.002590
214, 0.002772, 0.002606, 0.002588
215, 0.002777, 0.002604, 0.002586
216, 0.002773, 0.002603, 0.002585
217, 0.002771, 0.002603, 0.002583
218, 0.002772, 0.002603, 0.002583
219, 0.002765, 0.002600, 0.002580
220, 0.002764, 0.002599, 0.002579
221, 0.002764, 0.002596, 0.002577
222, 0.002763, 0.002595, 0.002576
223, 0.002759, 0.002595, 0.002575
224, 0.002758, 0.002595, 0.002574
225, 0.002753, 0.002594, 0.002573
226, 0.002749, 0.002592, 0.002572
227, 0.002750, 0.002590, 0.002569
228, 0.002751, 0.002588, 0.002567
229, 0.002744, 0.002588, 0.002566
230, 0.002742, 0.002588, 0.002565
231, 0.002742, 0.002585, 0.002564
232, 0.002739, 0.002583, 0.002563
233, 0.002737, 0.002582, 0.002561
234, 0.002735, 0.002583, 0.002561
235, 0.002736, 0.002580, 0.002557
236, 0.002734, 0.002578, 0.002556
237, 0.002734, 0.002576, 0.002554
238, 0.002731, 0.002575, 0.002553
239, 0.002725, 0.002576, 0.002553
240, 0.002728, 0.002573, 0.002551
241, 0.002721, 0.002570, 0.002548
242, 0.002721, 0.002567, 0.002545
243, 0.002721, 0.002566, 0.002543
244, 0.002715, 0.002566, 0.002542
245, 0.002713, 0.002565, 0.002542
246, 0.002713, 0.002564, 0.002541
247, 0.002708, 0.002562, 0.002538
248, 0.002706, 0.002558, 0.002535
249, 0.002709, 0.002556, 0.002533
250, 0.002703, 0.002555, 0.002532
251, 0.002702, 0.002555, 0.002532
252, 0.002699, 0.002554, 0.002530
253, 0.002699, 0.002552, 0.002528
254, 0.002703, 0.002550, 0.002525
255, 0.002693, 0.002547, 0.002523
256, 0.002694, 0.002546, 0.002522
257, 0.002692, 0.002546, 0.002521
258, 0.002686, 0.002545, 0.002520
259, 0.002689, 0.002543, 0.002518
260, 0.002684, 0.002539, 0.002514
261, 0.002681, 0.002536, 0.002512
262, 0.002678, 0.002536, 0.002511
263, 0.002677, 0.002535, 0.002510
264, 0.002677, 0.002534, 0.002509
265, 0.002672, 0.002531, 0.002506
266, 0.002672, 0.002528, 0.002503
267, 0.002670, 0.002525, 0.002500
268, 0.002670, 0.002525, 0.002499
269, 0.002664, 0.002525, 0.002499
270, 0.002663, 0.002523, 0.002497
271, 0.002664, 0.002521, 0.002495
272, 0.002662, 0.002519, 0.002493
273, 0.002657, 0.002516, 0.002489
274, 0.002657, 0.002513, 0.002486
275, 0.002651, 0.002513, 0.002486
276, 0.002648, 0.002514, 0.002488
277, 0.002650, 0.002511, 0.002484
278, 0.002647, 0.002509, 0.002481
279, 0.002647, 0.002507, 0.002479
280, 0.002642, 0.002505, 0.002477
281, 0.002644, 0.002501, 0.002474
282, 0.002643, 0.002501, 0.002474
283, 0.002641, 0.002500, 0.002473
284, 0.002640, 0.002501, 0.002473
285, 0.002635, 0.002498, 0.002470
286, 0.002634, 0.002494, 0.002467
287, 0.002633, 0.002490, 0.002463
288, 0.002626, 0.002490, 0.002463
289, 0.002629, 0.002490, 0.002463
290, 0.002628, 0.002487, 0.002459
291, 0.002626, 0.002488, 0.002460
292, 0.002620, 0.002489, 0.002462
293, 0.002622, 0.002485, 0.002457
294, 0.002622, 0.002481, 0.002452
295, 0.002618, 0.002480, 0.002452
296, 0.002614, 0.002482, 0.002455
297, 0.002617, 0.002481, 0.002453
298, 0.002615, 0.002476, 0.002448
299, 0.002609, 0.002474, 0.002445
300, 0.002610, 0.002475, 0.002447
301, 0.002612, 0.002473, 0.002445
302, 0.002607, 0.002472, 0.002443
303, 0.002606, 0.002473, 0.002444
304, 0.002609, 0.002473, 0.002444
305, 0.002606, 0.002468, 0.002439
306, 0.002603, 0.002465, 0.002436
307, 0.002600, 0.002468, 0.002439
308, 0.002601, 0.002466, 0.002437
309, 0.002599, 0.002463, 0.002434
310, 0.002595, 0.002463, 0.002435
311, 0.002597, 0.002465, 0.002436
312, 0.002596, 0.002462, 0.002433
313, 0.002594, 0.002461, 0.002433
314, 0.002594, 0.002460, 0.002432
315, 0.002591, 0.002460, 0.002431
316, 0.002591, 0.002458, 0.002429
317, 0.002587, 0.002455, 0.002426
318, 0.002590, 0.002455, 0.002426
319, 0.002588, 0.002456, 0.002427
320, 0.002588, 0.002455, 0.002426
321, 0.002588, 0.002452, 0.002423
322, 0.002585, 0.002455, 0.002425
323, 0.002587, 0.002457, 0.002427
324, 0.002586, 0.002452, 0.002423
325, 0.002583, 0.002450, 0.002420
326, 0.002581, 0.002449, 0.002419
327, 0.002580, 0.002448, 0.002418
328, 0.002577, 0.002448, 0.002418
329, 0.002580, 0.002449, 0.002419
330, 0.002580, 0.002447, 0.002418
331, 0.002576, 0.002449, 0.002419
332, 0.002578, 0.002447, 0.002418
333, 0.002575, 0.002447, 0.002418
334, 0.002574, 0.002444, 0.002415
335, 0.002571, 0.002443, 0.002414
336, 0.002571, 0.002448, 0.002419
337, 0.002573, 0.002445, 0.002415
338, 0.002573, 0.002439, 0.002410
339, 0.002571, 0.002441, 0.002412
340, 0.002571, 0.002444, 0.002415
341, 0.002569, 0.002440, 0.002411
342, 0.002566, 0.002440, 0.002411
343, 0.002569, 0.002445, 0.002415
344, 0.002564, 0.002438, 0.002408
345, 0.002563, 0.002434, 0.002404
346, 0.002565, 0.002440, 0.002409
347, 0.002564, 0.002440, 0.002410
348, 0.002563, 0.002435, 0.002406
349, 0.002567, 0.002437, 0.002407
350, 0.002563, 0.002438, 0.002408
351, 0.002561, 0.002433, 0.002403
352, 0.002563, 0.002433, 0.002403
353, 0.002560, 0.002434, 0.002405
354, 0.002560, 0.002432, 0.002403
355, 0.002560, 0.002431, 0.002401
356, 0.002559, 0.002433, 0.002403
357, 0.002559, 0.002430, 0.002400
358, 0.002556, 0.002429, 0.002399
359, 0.002555, 0.002430, 0.002400
360, 0.002557, 0.002435, 0.002405
361, 0.002557, 0.002427, 0.002398
362, 0.002557, 0.002425, 0.002396
363, 0.002556, 0.002429, 0.002399
364, 0.002551, 0.002427, 0.002397
365, 0.002554, 0.002423, 0.002394
366, 0.002554, 0.002425, 0.002396
367, 0.002550, 0.002427, 0.002397
368, 0.002549, 0.002423, 0.002393
369, 0.002551, 0.002423, 0.002393
370, 0.002549, 0.002426, 0.002396
371, 0.002551, 0.002423, 0.002393
372, 0.002552, 0.002421, 0.002391
373, 0.002549, 0.002424, 0.002394
374, 0.002547, 0.002421, 0.002391
375, 0.002547, 0.002421, 0.002391
376, 0.002545, 0.002423, 0.002393
377, 0.002546, 0.002420, 0.002390
378, 0.002547, 0.002420, 0.002389
379, 0.002548, 0.002421, 0.002391
380, 0.002544, 0.002418, 0.002388
381, 0.002541, 0.002419, 0.002389
382, 0.002543, 0.002419, 0.002389
383, 0.002542, 0.002417, 0.002387
384, 0.002547, 0.002417, 0.002387
385, 0.002543, 0.002420, 0.002389
386, 0.002540, 0.002416, 0.002386
387, 0.002541, 0.002415, 0.002385
388, 0.002540, 0.002414, 0.002384
389, 0.002540, 0.002419, 0.002388
390, 0.002541, 0.002415, 0.002385
391, 0.002540, 0.002414, 0.002383
392, 0.002539, 0.002419, 0.002388
393, 0.002540, 0.002413, 0.002382
394, 0.002537, 0.002412, 0.002382
395, 0.002533, 0.002415, 0.002384
396, 0.002537, 0.002416, 0.002386
397, 0.002534, 0.002411, 0.002382
398, 0.002535, 0.002414, 0.002383
399, 0.002536, 0.002413, 0.002382
400, 0.002537, 0.002407, 0.002378
401, 0.002534, 0.002410, 0.002380
402, 0.002530, 0.002416, 0.002385
403, 0.002534, 0.002410, 0.002380
404, 0.002534, 0.002408, 0.002379
405, 0.002532, 0.002412, 0.002381
406, 0.002531, 0.002409, 0.002379
407, 0.002532, 0.002405, 0.002375
408, 0.002530, 0.002409, 0.002378
409, 0.002532, 0.002408, 0.002377
410, 0.002528, 0.002408, 0.002377
411, 0.002528, 0.002407, 0.002376
412, 0.002528, 0.002409, 0.002377
413, 0.002530, 0.002405, 0.002375
414, 0.002527, 0.002406, 0.002375
415, 0.002526, 0.002407, 0.002376
416, 0.002531, 0.002405, 0.002375
417, 0.002524, 0.002406, 0.002375
418, 0.002524, 0.002402, 0.002372
419, 0.002527, 0.002406, 0.002376
420, 0.002522, 0.002408, 0.002378
421, 0.002523, 0.002402, 0.002372
422, 0.002527, 0.002402, 0.002372
423, 0.002524, 0.002412, 0.002381
424, 0.002527, 0.002401, 0.002371
425, 0.002526, 0.002400, 0.002370
426, 0.002526, 0.002419, 0.002386
427, 0.002524, 0.002401, 0.002371
428, 0.002526, 0.002399, 0.002370
429, 0.002527, 0.002411, 0.002378
430, 0.002528, 0.002402, 0.002371
431, 0.002520, 0.002399, 0.002370
432, 0.002524, 0.002404, 0.002372
433, 0.002522, 0.002409, 0.002377
434, 0.002524, 0.002399, 0.002370
435, 0.002522, 0.002406, 0.002374
436, 0.002517, 0.002413, 0.002380
437, 0.002521, 0.002399, 0.002369
438, 0.002522, 0.002399, 0.002368
439, 0.002517, 0.002405, 0.002374
440, 0.002520, 0.002396, 0.002367
441, 0.002518, 0.002397, 0.002367
442, 0.002521, 0.002405, 0.002373
443, 0.002521, 0.002398, 0.002368
444, 0.002518, 0.002398, 0.002369
445, 0.002514, 0.002402, 0.002370
446, 0.002517, 0.002398, 0.002367
447, 0.002517, 0.002395, 0.002365
448, 0.002517, 0.002403, 0.002371
449, 0.002516, 0.002399, 0.002368
450, 0.002513, 0.002395, 0.002365
451, 0.002515, 0.002398, 0.002367
452, 0.002515, 0.002398, 0.002367
453, 0.002511, 0.002393, 0.002363
454, 0.002517, 0.002396, 0.002365
455, 0.002514, 0.002402, 0.002370
456, 0.002514, 0.002395, 0.002364
457, 0.002510, 0.002395, 0.002364
458, 0.002512, 0.002397, 0.002365
459, 0.002516, 0.002399, 0.002368
460, 0.002513, 0.002393, 0.002363
461, 0.002513, 0.002394, 0.002363
462, 0.002510, 0.002396, 0.002365
463, 0.002513, 0.002392, 0.002362
464, 0.002510, 0.002395, 0.002364
465, 0.002510, 0.002398, 0.002366
466, 0.002510, 0.002390, 0.002361
467, 0.002513, 0.002395, 0.002364
468, 0.002509, 0.002403, 0.002370
469, 0.002512, 0.002390, 0.002361
470, 0.002514, 0.002393, 0.002362
471, 0.002506, 0.002400, 0.002368
472, 0.002514, 0.002390, 0.002360
473, 0.002509, 0.002391, 0.002360
474, 0.002507, 0.002396, 0.002364
475, 0.002512, 0.002390, 0.002360
476, 0.002511, 0.002391, 0.002361
477, 0.002504, 0.002399, 0.002367
478, 0.002507, 0.002389, 0.002359
479, 0.002510, 0.002390, 0.002359
480, 0.002506, 0.002394, 0.002362
481, 0.002507, 0.002388, 0.002358
482, 0.002505, 0.002391, 0.002360
483, 0.002504, 0.002392, 0.002361
484, 0.002504, 0.002392, 0.002361
485, 0.002504, 0.002388, 0.002358
486, 0.002509, 0.002395, 0.002362
487, 0.002506, 0.002389, 0.002358
488, 0.002505, 0.002388, 0.002357
489, 0.002504, 0.002395, 0.002362
490, 0.002505, 0.002390, 0.002359
491, 0.002502, 0.002386, 0.002356
492, 0.002504, 0.002390, 0.002358
493, 0.002501, 0.002390, 0.002359
494, 0.002504, 0.002386, 0.002356
495, 0.002503, 0.002393, 0.002361
496, 0.002503, 0.002393, 0.002361
497, 0.002505, 0.002385, 0.002355
498, 0.002504, 0.002390, 0.002359
499, 0.002502, 0.002391, 0.002360
500, 0.002502, 0.002383, 0.002354
501, 0.002500, 0.002391, 0.002360
502, 0.002501, 0.002389, 0.002358
503, 0.002502, 0.002383, 0.002354
504, 0.002500, 0.002386, 0.002356
505, 0.002499, 0.002393, 0.002361
506, 0.002502, 0.002382, 0.002352
507, 0.002504, 0.002390, 0.002358
508, 0.002499, 0.002394, 0.002362
509, 0.002501, 0.002384, 0.002355
510, 0.002500, 0.002388, 0.002357
511, 0.002499, 0.002397, 0.002364
512, 0.002503, 0.002381, 0.002352
513, 0.002503, 0.002390, 0.002358
514, 0.002500, 0.002389, 0.002358
515, 0.002499, 0.002381, 0.002352
516, 0.002499, 0.002388, 0.002356
517, 0.002493, 0.002392, 0.002360
518, 0.002500, 0.002381, 0.002351
519, 0.002499, 0.002391, 0.002358
520, 0.002498, 0.002387, 0.002355
521, 0.002496, 0.002380, 0.002350
522, 0.002497, 0.002390, 0.002357
523, 0.002497, 0.002387, 0.002354
524, 0.002497, 0.002379, 0.002349
525, 0.002495, 0.002388, 0.002356
526, 0.002496, 0.002387, 0.002355
527, 0.002494, 0.002380, 0.002350
528, 0.002496, 0.002389, 0.002357
529, 0.002493, 0.002379, 0.002349
530, 0.002492, 0.002379, 0.002349
531, 0.002492, 0.002395, 0.002362
532, 0.002496, 0.002379, 0.002349
533, 0.002495, 0.002381, 0.002351
534, 0.002492, 0.002386, 0.002356
535, 0.002492, 0.002383, 0.002353
536, 0.002493, 0.002380, 0.002349
537, 0.002492, 0.002384, 0.002352
538, 0.002497, 0.002383, 0.002351
539, 0.002493, 0.002378, 0.002348
540, 0.002491, 0.002385, 0.002353
541, 0.002491, 0.002382, 0.002350
542, 0.002490, 0.002376, 0.002346
543, 0.002494, 0.002382, 0.002351
544, 0.002493, 0.002381, 0.002350
545, 0.002488, 0.002376, 0.002346
546, 0.002488, 0.002380, 0.002349
547, 0.002491, 0.002378, 0.002347
548, 0.002486, 0.002379, 0.002349
549, 0.002489, 0.002382, 0.002351
550, 0.002487, 0.002379, 0.002348
551, 0.002488, 0.002379, 0.002348
552, 0.002485, 0.002374, 0.002344
553, 0.002489, 0.002383, 0.002351
554, 0.002487, 0.002374, 0.002344
555, 0.002491, 0.002380, 0.002349
556, 0.002484, 0.002376, 0.002345
557, 0.002485, 0.002375, 0.002344
558, 0.002487, 0.002378, 0.002347
559, 0.002483, 0.002377, 0.002346
560, 0.002485, 0.002376, 0.002345
561, 0.002487, 0.002378, 0.002348
562, 0.002483, 0.002375, 0.002345
563, 0.002485, 0.002377, 0.002346
564, 0.002487, 0.002371, 0.002342
565, 0.002486, 0.002376, 0.002346
566, 0.002484, 0.002378, 0.002347
567, 0.002483, 0.002373, 0.002342
568, 0.002484, 0.002377, 0.002346
569, 0.002486, 0.002375, 0.002344
570, 0.002480, 0.002369, 0.002339
571, 0.002482, 0.002374, 0.002343
572, 0.002481, 0.002373, 0.002342
573, 0.002478, 0.002373, 0.002342
574, 0.002479, 0.002376, 0.002345
575, 0.002482, 0.002369, 0.002339
576, 0.002483, 0.002376, 0.002345
577, 0.002484, 0.002376, 0.002345
578, 0.002480, 0.002367, 0.002338
579, 0.002485, 0.002376, 0.002345
580, 0.002480, 0.002372, 0.002341
581, 0.002481, 0.002367, 0.002337
582, 0.002479, 0.002373, 0.002342
583, 0.002480, 0.002375, 0.002343
584, 0.002480, 0.002369, 0.002338
585, 0.002478, 0.002370, 0.002339
586, 0.002478, 0.002375, 0.002343
587, 0.002480, 0.002364, 0.002335
588, 0.002480, 0.002376, 0.002344
589, 0.002479, 0.002367, 0.002336
590, 0.002477, 0.002366, 0.002336
591, 0.002476, 0.002376, 0.002344
592, 0.002477, 0.002369, 0.002338
593, 0.002473, 0.002365, 0.002335
594, 0.002474, 0.002374, 0.002343
595, 0.002474, 0.002363, 0.002333
596, 0.002479, 0.002369, 0.002339
597, 0.002473, 0.002371, 0.002340
598, 0.002475, 0.002362, 0.002332
599, 0.002474, 0.002366, 0.002336
600, 0.002473, 0.002374, 0.002343
601, 0.002478, 0.002358, 0.002330
602, 0.002478, 0.002371, 0.002340
603, 0.002476, 0.002368, 0.002337
604, 0.002473, 0.002360, 0.002331
605, 0.002472, 0.002385, 0.002351
606, 0.002476, 0.002361, 0.002331
607, 0.002470, 0.002358, 0.002329
608, 0.002470, 0.002382, 0.002349
609, 0.002475, 0.002358, 0.002329
610, 0.002475, 0.002361, 0.002331
611, 0.002469, 0.002378, 0.002346
612, 0.002473, 0.002355, 0.002326
613, 0.002475, 0.002372, 0.002340
614, 0.002469, 0.002362, 0.002331
615, 0.002467, 0.002355, 0.002326
616, 0.002468, 0.002370, 0.002338
617, 0.002474, 0.002359, 0.002328
618, 0.002465, 0.002354, 0.002325
619, 0.002467, 0.002368, 0.002336
620, 0.002466, 0.002354, 0.002324
621, 0.002466, 0.002355, 0.002326
622, 0.002464, 0.002361, 0.002330
623, 0.002467, 0.002356, 0.002327
624, 0.002468, 0.002358, 0.002328
625, 0.002465, 0.002359, 0.002328
626, 0.002464, 0.002358, 0.002327
627, 0.002460, 0.002352, 0.002323
628, 0.002462, 0.002354, 0.002324
629, 0.002464, 0.002361, 0.002329
630, 0.002461, 0.002356, 0.002325
631, 0.002462, 0.002350, 0.002320
632, 0.002461, 0.002363, 0.002332
633, 0.002465, 0.002348, 0.002319
634, 0.002461, 0.002353, 0.002322
635, 0.002459, 0.002355, 0.002324
636, 0.002460, 0.002344, 0.002315
637, 0.002461, 0.002355, 0.002324
638, 0.002459, 0.002357, 0.002326
639, 0.002459, 0.002344, 0.002316
640, 0.002457, 0.002360, 0.002329
641, 0.002457, 0.002347, 0.002318
642, 0.002455, 0.002342, 0.002313
643, 0.002459, 0.002362, 0.002330
644, 0.002458, 0.002339, 0.002311
645, 0.002461, 0.002351, 0.002321
646, 0.002455, 0.002353, 0.002322
647, 0.002453, 0.002340, 0.002312
648, 0.002456, 0.002350, 0.002320
649, 0.002451, 0.002346, 0.002315
650, 0.002455, 0.002339, 0.002309
651, 0.002452, 0.002343, 0.002313
652, 0.002453, 0.002345, 0.002314
653, 0.002448, 0.002339, 0.002309
654, 0.002448, 0.002344, 0.002313
655, 0.002450, 0.002338, 0.002308
656, 0.002449, 0.002342, 0.002312
657, 0.002446, 0.002338, 0.002308
658, 0.002448, 0.002339, 0.002308
659, 0.002447, 0.002346, 0.002315
660, 0.002447, 0.002332, 0.002302
661, 0.002447, 0.002339, 0.002308
662, 0.002445, 0.002334, 0.002304
663, 0.002444, 0.002336, 0.002305
664, 0.002446, 0.002336, 0.002305
665, 0.002446, 0.002335, 0.002305
666, 0.002443, 0.002334, 0.002304
667, 0.002445, 0.002334, 0.002304
668, 0.002439, 0.002330, 0.002300
669, 0.002437, 0.002333, 0.002302
670, 0.002440, 0.002329, 0.002299
671, 0.002439, 0.002334, 0.002303
672, 0.002438, 0.002325, 0.002296
673, 0.002437, 0.002336, 0.002304
674, 0.002442, 0.002322, 0.002293
675, 0.002437, 0.002325, 0.002296
676, 0.002436, 0.002330, 0.002300
677, 0.002435, 0.002321, 0.002292
678, 0.002436, 0.002336, 0.002305
679, 0.002437, 0.002320, 0.002292
680, 0.002434, 0.002326, 0.002296
681, 0.002434, 0.002324, 0.002294
682, 0.002435, 0.002315, 0.002286
683, 0.002432, 0.002322, 0.002292
684, 0.002432, 0.002314, 0.002285
685, 0.002429, 0.002323, 0.002292
686, 0.002431, 0.002325, 0.002294
687, 0.002426, 0.002309, 0.002282
688, 0.002429, 0.002329, 0.002298
689, 0.002430, 0.002314, 0.002285
690, 0.002425, 0.002306, 0.002278
691, 0.002426, 0.002330, 0.002299
692, 0.002431, 0.002303, 0.002276
693, 0.002426, 0.002320, 0.002290
694, 0.002421, 0.002308, 0.002279
695, 0.002423, 0.002302, 0.002274
696, 0.002418, 0.002318, 0.002287
697, 0.002425, 0.002298, 0.002270
698, 0.002418, 0.002319, 0.002288
699, 0.002420, 0.002303, 0.002274
700, 0.002416, 0.002300, 0.002271
701, 0.002417, 0.002310, 0.002279
702, 0.002414, 0.002293, 0.002265
703, 0.002414, 0.002312, 0.002281
704, 0.002414, 0.002295, 0.002266
705, 0.002410, 0.002293, 0.002264
706, 0.002413, 0.002307, 0.002277
707, 0.002412, 0.002286, 0.002259
708, 0.002408, 0.002300, 0.002269
709, 0.002406, 0.002293, 0.002263
710, 0.002404, 0.002281, 0.002254
711, 0.002408, 0.002313, 0.002282
712, 0.002411, 0.002280, 0.002252
713, 0.002403, 0.002288, 0.002259
714, 0.002401, 0.002289, 0.002259
715, 0.002396, 0.002278, 0.002250
716, 0.002396, 0.002283, 0.002254
717, 0.002394, 0.002283, 0.002253
718, 0.002396, 0.002273, 0.002245
719, 0.002397, 0.002282, 0.002252
720, 0.002392, 0.002278, 0.002249
721, 0.002393, 0.002271, 0.002242
722, 0.002388, 0.002274, 0.002245
723, 0.002386, 0.002270, 0.002241
724, 0.002390, 0.002265, 0.002237
725, 0.002385, 0.002264, 0.002235
726, 0.002384, 0.002275, 0.002245
727, 0.002382, 0.002257, 0.002230
728, 0.002383, 0.002270, 0.002240
729, 0.002380, 0.002259, 0.002230
730, 0.002382, 0.002254, 0.002225
731, 0.002375, 0.002266, 0.002236
732, 0.002380, 0.002250, 0.002221
733, 0.002376, 0.002257, 0.002227
734, 0.002371, 0.002257, 0.002227
735, 0.002370, 0.002242, 0.002215
736, 0.002373, 0.002260, 0.002230
737, 0.002371, 0.002238, 0.002211
738, 0.002366, 0.002241, 0.002213
739, 0.002360, 0.002250, 0.002221
740, 0.002363, 0.002233, 0.002206
741, 0.002363, 0.002247, 0.002217
742, 0.002361, 0.002231, 0.002203
743, 0.002358, 0.002230, 0.002202
744, 0.002357, 0.002240, 0.002210
745, 0.002357, 0.002220, 0.002194
746, 0.002355, 0.002242, 0.002212
747, 0.002354, 0.002220, 0.002192
748, 0.002347, 0.002219, 0.002191
749, 0.002345, 0.002224, 0.002195
750, 0.002342, 0.002211, 0.002184
751, 0.002340, 0.002216, 0.002187
752, 0.002338, 0.002216, 0.002186
753, 0.002337, 0.002204, 0.002176
754, 0.002336, 0.002213, 0.002184
755, 0.002332, 0.002204, 0.002176
756, 0.002330, 0.002198, 0.002170
757, 0.002328, 0.002208, 0.002179
758, 0.002334, 0.002190, 0.002163
759, 0.002327, 0.002206, 0.002177
760, 0.002326, 0.002186, 0.002158
761, 0.002320, 0.002194, 0.002164
762, 0.002318, 0.002191, 0.002161
763, 0.002316, 0.002174, 0.002148
764, 0.002320, 0.002214, 0.002181
765, 0.002323, 0.002168, 0.002142
766, 0.002312, 0.002172, 0.002144
767, 0.002307, 0.002192, 0.002162
768, 0.002307, 0.002160, 0.002134
769, 0.002307, 0.002186, 0.002157
770, 0.002303, 0.002154, 0.002128
771, 0.002295, 0.002164, 0.002136
772, 0.002290, 0.002158, 0.002130
773, 0.002288, 0.002147, 0.002119
774, 0.002288, 0.002156, 0.002126
775, 0.002284, 0.002141, 0.002112
776, 0.002282, 0.002144, 0.002115
777, 0.002279, 0.002134, 0.002106
778, 0.002272, 0.002141, 0.002111
779, 0.002273, 0.002129, 0.002101
780, 0.002267, 0.002128, 0.002100
781, 0.002268, 0.002124, 0.002096
782, 0.002264, 0.002120, 0.002092
783, 0.002260, 0.002119, 0.002090
784, 0.002254, 0.002112, 0.002084
785, 0.002252, 0.002110, 0.002082
786, 0.002248, 0.002100, 0.002073
787, 0.002242, 0.002101, 0.002072
788, 0.002238, 0.002105, 0.002075
789, 0.002240, 0.002087, 0.002060
790, 0.002237, 0.002089, 0.002061
791, 0.002234, 0.002094, 0.002065
792, 0.002230, 0.002075, 0.002050
793, 0.002235, 0.002121, 0.002090
794, 0.002239, 0.002066, 0.002041
795, 0.002228, 0.002080, 0.002050
796, 0.002219, 0.002065, 0.002037
797, 0.002207, 0.002055, 0.002028
798, 0.002205, 0.002061, 0.002032
799, 0.002202, 0.002047, 0.002019
800, 0.002198, 0.002049, 0.002020
801, 0.002196, 0.002036, 0.002009
802, 0.002192, 0.002040, 0.002012
803, 0.002184, 0.002027, 0.002001
804, 0.002181, 0.002023, 0.001996
805, 0.002178, 0.002030, 0.002001
806, 0.002172, 0.002015, 0.001988
807, 0.002170, 0.002021, 0.001991
808, 0.002167, 0.002001, 0.001974
809, 0.002160, 0.002007, 0.001979
810, 0.002156, 0.001993, 0.001966
811, 0.002150, 0.001994, 0.001966
812, 0.002149, 0.001990, 0.001962
813, 0.002140, 0.001976, 0.001950
814, 0.002142, 0.001995, 0.001966
815, 0.002140, 0.001964, 0.001939
816, 0.002139, 0.001987, 0.001957
817, 0.002131, 0.001952, 0.001927
818, 0.002121, 0.001956, 0.001929
819, 0.002111, 0.001950, 0.001922
820, 0.002110, 0.001935, 0.001910
821, 0.002102, 0.001954, 0.001925
822, 0.002103, 0.001925, 0.001901
823, 0.002102, 0.001948, 0.001918
824, 0.002094, 0.001913, 0.001887
825, 0.002084, 0.001912, 0.001884
826, 0.002075, 0.001920, 0.001891
827, 0.002074, 0.001895, 0.001870
828, 0.002077, 0.001935, 0.001905
829, 0.002077, 0.001891, 0.001869
830, 0.002073, 0.001907, 0.001878
831, 0.002059, 0.001873, 0.001846
832, 0.002047, 0.001867, 0.001843
833, 0.002047, 0.001905, 0.001875
834, 0.002056, 0.001858, 0.001835
835, 0.002052, 0.001891, 0.001861
836, 0.002041, 0.001838, 0.001815
837, 0.002027, 0.001845, 0.001818
838, 0.002010, 0.001835, 0.001807
839, 0.002003, 0.001818, 0.001794
840, 0.002003, 0.001842, 0.001813
841, 0.002003, 0.001802, 0.001778
842, 0.001997, 0.001819, 0.001791
843, 0.001988, 0.001791, 0.001765
844, 0.001977, 0.001789, 0.001763
845, 0.001967, 0.001786, 0.001760
846, 0.001962, 0.001770, 0.001744
847, 0.001958, 0.001762, 0.001737
848, 0.001949, 0.001761, 0.001736
849, 0.001942, 0.001753, 0.001727
850, 0.001935, 0.001742, 0.001716
851, 0.001926, 0.001737, 0.001712
852, 0.001923, 0.001730, 0.001704
853, 0.001916, 0.001720, 0.001694
854, 0.001910, 0.001719, 0.001693
855, 0.001902, 0.001703, 0.001678
856, 0.001898, 0.001699, 0.001672
857, 0.001887, 0.001693, 0.001668
858, 0.001880, 0.001680, 0.001656
859, 0.001879, 0.001680, 0.001654
860, 0.001873, 0.001665, 0.001641
861, 0.001861, 0.001665, 0.001640
862, 0.001856, 0.001649, 0.001625
863, 0.001848, 0.001642, 0.001618
864, 0.001842, 0.001636, 0.001612
865, 0.001834, 0.001626, 0.001602
866, 0.001826, 0.001622, 0.001597
867, 0.001817, 0.001614, 0.001590
868, 0.001813, 0.001602, 0.001579
869, 0.001805, 0.001596, 0.001571
870, 0.001801, 0.001588, 0.001565
871, 0.001790, 0.001580, 0.001556
872, 0.001783, 0.001572, 0.001547
873, 0.001776, 0.001558, 0.001535
874, 0.001771, 0.001570, 0.001546
875, 0.001764, 0.001543, 0.001521
876, 0.001762, 0.001568, 0.001541
877, 0.001753, 0.001526, 0.001507
878, 0.001745, 0.001530, 0.001506
879, 0.001732, 0.001514, 0.001490
880, 0.001724, 0.001501, 0.001481
881, 0.001717, 0.001515, 0.001492
882, 0.001712, 0.001484, 0.001463
883, 0.001710, 0.001498, 0.001474
884, 0.001694, 0.001469, 0.001449
885, 0.001686, 0.001461, 0.001438
886, 0.001678, 0.001465, 0.001441
887, 0.001670, 0.001441, 0.001423
888, 0.001664, 0.001463, 0.001438
889, 0.001658, 0.001429, 0.001411
890, 0.001653, 0.001451, 0.001428
891, 0.001643, 0.001406, 0.001389
892, 0.001630, 0.001418, 0.001396
893, 0.001620, 0.001393, 0.001374
894, 0.001612, 0.001389, 0.001371
895, 0.001601, 0.001391, 0.001369
896, 0.001598, 0.001365, 0.001349
897, 0.001591, 0.001397, 0.001376
898, 0.001584, 0.001353, 0.001338
899, 0.001579, 0.001384, 0.001362
900, 0.001572, 0.001341, 0.001327
901, 0.001558, 0.001351, 0.001330
902, 0.001545, 0.001318, 0.001302
903, 0.001529, 0.001323, 0.001305
904, 0.001519, 0.001306, 0.001288
905, 0.001512, 0.001307, 0.001288
906, 0.001506, 0.001299, 0.001281
907, 0.001491, 0.001281, 0.001264
908, 0.001485, 0.001290, 0.001270
909, 0.001475, 0.001270, 0.001253
910, 0.001468, 0.001268, 0.001250
911, 0.001452, 0.001266, 0.001247
912, 0.001445, 0.001241, 0.001228
913, 0.001441, 0.001270, 0.001249
914, 0.001440, 0.001236, 0.001226
915, 0.001442, 0.001307, 0.001280
916, 0.001454, 0.001239, 0.001231
917, 0.001450, 0.001299, 0.001272
918, 0.001446, 0.001213, 0.001202
919, 0.001423, 0.001240, 0.001217
920, 0.001394, 0.001169, 0.001150
921, 0.001371, 0.001162, 0.001145
922, 0.001350, 0.001194, 0.001173
923, 0.001360, 0.001161, 0.001143
924, 0.001371, 0.001214, 0.001195
925, 0.001362, 0.001132, 0.001109
926, 0.001330, 0.001130, 0.001114
927, 0.001310, 0.001142, 0.001117
928, 0.001306, 0.001102, 0.001085
929, 0.001303, 0.001119, 0.001096
930, 0.001283, 0.001085, 0.001063
931, 0.001268, 0.001081, 0.001062
932, 0.001262, 0.001089, 0.001064
933, 0.001251, 0.001063, 0.001046
934, 0.001243, 0.001063, 0.001038
935, 0.001230, 0.001055, 0.001032
936, 0.001221, 0.001043, 0.001024
937, 0.001217, 0.001074, 0.001043
938, 0.001220, 0.001051, 0.001040
939, 0.001220, 0.001067, 0.001031
940, 0.001226, 0.001109, 0.001103
941, 0.001249, 0.001100, 0.001059
942, 0.001294, 0.001230, 0.001217
943, 0.001328, 0.001026, 0.000992
944, 0.001228, 0.000981, 0.000955
945, 0.001138, 0.001031, 0.001009
946, 0.001171, 0.000996, 0.000966
947, 0.001211, 0.000988, 0.000962
948, 0.001147, 0.000993, 0.000976
949, 0.001145, 0.001051, 0.001013
950, 0.001236, 0.001000, 0.000988
951, 0.001157, 0.000962, 0.000939
952, 0.001133, 0.000915, 0.000894
953, 0.001126, 0.000926, 0.000914
954, 0.001086, 0.000923, 0.000901
955, 0.001091, 0.000936, 0.000919
956, 0.001128, 0.000930, 0.000913
957, 0.001078, 0.000893, 0.000876
958, 0.001041, 0.000896, 0.000871
959, 0.001083, 0.000932, 0.000921
960, 0.001066, 0.000865, 0.000844
961, 0.001028, 0.000918, 0.000903
962, 0.001093, 0.000952, 0.000928
963, 0.001102, 0.000888, 0.000880
964, 0.001055, 0.000852, 0.000823
965, 0.001064, 0.000810, 0.000795
966, 0.000982, 0.000822, 0.000810
967, 0.000997, 0.000845, 0.000818
968, 0.001064, 0.000798, 0.000784
969, 0.000977, 0.000785, 0.000772
970, 0.000970, 0.000769, 0.000747
971, 0.000978, 0.000788, 0.000781
972, 0.000967, 0.000825, 0.000806
973, 0.000999, 0.000788, 0.000776
974, 0.000975, 0.000751, 0.000734
975, 0.000943, 0.000789, 0.000778
976, 0.000945, 0.000717, 0.000703
977, 0.000902, 0.000716, 0.000697
978, 0.000907, 0.000786, 0.000779
979, 0.000950, 0.000748, 0.000731
980, 0.000941, 0.000732, 0.000716
981, 0.000916, 0.000692, 0.000682
982, 0.000879, 0.000684, 0.000670
983, 0.000866, 0.000702, 0.000690
984, 0.000891, 0.000700, 0.000685
985, 0.000901, 0.000731, 0.000723
986, 0.000904, 0.000661, 0.000643
987, 0.000859, 0.000647, 0.000638
988, 0.000841, 0.000677, 0.000664
989, 0.000855, 0.000651, 0.000637
990, 0.000856, 0.000653, 0.000646
991, 0.000852, 0.000656, 0.000638
992, 0.000836, 0.000623, 0.000617
993, 0.000824, 0.000616, 0.000600
994, 0.000814, 0.000617, 0.000607
995, 0.000803, 0.000600, 0.000591
996, 0.000801, 0.000599, 0.000587
997, 0.000800, 0.000603, 0.000597
998, 0.000800, 0.000603, 0.000588
999, 0.000797, 0.000585, 0.000575
1000, 0.000791, 0.000581, 0.000572
1001, 0.000776, 0.000581, 0.000570
1002, 0.000774, 0.000569, 0.000561
1003, 0.000779, 0.000576, 0.000565
1004, 0.000777, 0.000578, 0.000570
1005, 0.000776, 0.000562, 0.000547
1006, 0.000771, 0.000568, 0.000559
1007, 0.000763, 0.000549, 0.000539
1008, 0.000750, 0.000546, 0.000534
1009, 0.000756, 0.000571, 0.000565
1010, 0.000767, 0.000560, 0.000547
1011, 0.000756, 0.000537, 0.000530
1012, 0.000745, 0.000532, 0.000522
1013, 0.000732, 0.000537, 0.000524
1014, 0.000741, 0.000531, 0.000524
1015, 0.000739, 0.000524, 0.000513
1016, 0.000726, 0.000517, 0.000510
1017, 0.000720, 0.000509, 0.000499
1018, 0.000717, 0.000505, 0.000495
1019, 0.000717, 0.000524, 0.000518
1020, 0.000725, 0.000509, 0.000496
1021, 0.000719, 0.000495, 0.000488
1022, 0.000709, 0.000502, 0.000492
1023, 0.000701, 0.000495, 0.000484
1024, 0.000704, 0.000491, 0.000484
1025, 0.000708, 0.000504, 0.000491
1026, 0.000701, 0.000478, 0.000470
1027, 0.000692, 0.000479, 0.000470
1028, 0.000689, 0.000483, 0.000473
1029, 0.000687, 0.000466, 0.000458
1030, 0.000683, 0.000471, 0.000463
1031, 0.000682, 0.000472, 0.000463
1032, 0.000678, 0.000460, 0.000453
1033, 0.000678, 0.000462, 0.000453
1034, 0.000674, 0.000463, 0.000454
1035, 0.000672, 0.000451, 0.000445
1036, 0.000670, 0.000459, 0.000448
1037, 0.000668, 0.000450, 0.000443
1038, 0.000664, 0.000444, 0.000437
1039, 0.000665, 0.000454, 0.000444
1040, 0.000664, 0.000444, 0.000439
1041, 0.000655, 0.000440, 0.000434
1042, 0.000656, 0.000445, 0.000436
1043, 0.000659, 0.000437, 0.000433
1044, 0.000655, 0.000441, 0.000433
1045, 0.000650, 0.000433, 0.000424
1046, 0.000649, 0.000432, 0.000426
1047, 0.000648, 0.000431, 0.000422
1048, 0.000645, 0.000426, 0.000419
1049, 0.000642, 0.000430, 0.000424
1050, 0.000646, 0.000424, 0.000414
1051, 0.000644, 0.000419, 0.000412
1052, 0.000635, 0.000420, 0.000414
1053, 0.000636, 0.000422, 0.000413
1054, 0.000638, 0.000426, 0.000422
1055, 0.000643, 0.000422, 0.000413
1056, 0.000632, 0.000406, 0.000400
1057, 0.000629, 0.000411, 0.000405
1058, 0.000629, 0.000410, 0.000402
1059, 0.000625, 0.000405, 0.000399
1060, 0.000623, 0.000413, 0.000405
1061, 0.000626, 0.000398, 0.000393
1062, 0.000628, 0.000411, 0.000404
1063, 0.000623, 0.000401, 0.000393
1064, 0.000618, 0.000390, 0.000384
1065, 0.000617, 0.000418, 0.000409
1066, 0.000627, 0.000391, 0.000385
1067, 0.000621, 0.000396, 0.000388
1068, 0.000609, 0.000398, 0.000391
1069, 0.000610, 0.000387, 0.000382
1070, 0.000616, 0.000410, 0.000400
1071, 0.000612, 0.000385, 0.000381
1072, 0.000611, 0.000382, 0.000376
1073, 0.000606, 0.000401, 0.000394
1074, 0.000606, 0.000377, 0.000373
1075, 0.000606, 0.000379, 0.000371
1076, 0.000601, 0.000387, 0.000380
1077, 0.000598, 0.000374, 0.000369
1078, 0.000599, 0.000380, 0.000371
1079, 0.000603, 0.000390, 0.000387
1080, 0.000603, 0.000371, 0.000364
1081, 0.000595, 0.000369, 0.000363
1082, 0.000593, 0.000381, 0.000378
1083, 0.000596, 0.000370, 0.000363
1084, 0.000594, 0.000364, 0.000357
1085, 0.000591, 0.000372, 0.000366
1086, 0.000589, 0.000366, 0.000358
1087, 0.000589, 0.000361, 0.000355
1088, 0.000589, 0.000365, 0.000359
1089, 0.000585, 0.000365, 0.000359
1090, 0.000583, 0.000361, 0.000357
1091, 0.000583, 0.000361, 0.000356
1092, 0.000582, 0.000358, 0.000352
1093, 0.000585, 0.000360, 0.000355
1094, 0.000579, 0.000365, 0.000357
1095, 0.000578, 0.000349, 0.000344
1096, 0.000581, 0.000357, 0.000350
1097, 0.000576, 0.000360, 0.000354
1098, 0.000575, 0.000349, 0.000344
1099, 0.000580, 0.000358, 0.000353
1100, 0.000576, 0.000359, 0.000355
1101, 0.000576, 0.000343, 0.000339
1102, 0.000576, 0.000363, 0.000357
1103, 0.000576, 0.000345, 0.000341
1104, 0.000574, 0.000352, 0.000345
1105, 0.000576, 0.000350, 0.000345
1106, 0.000569, 0.000348, 0.000343
1107, 0.000568, 0.000345, 0.000339
1108, 0.000572, 0.000352, 0.000347
1109, 0.000570, 0.000340, 0.000335
1110, 0.000564, 0.000347, 0.000341
1111, 0.000565, 0.000352, 0.000349
1112, 0.000569, 0.000337, 0.000333
1113, 0.000563, 0.000342, 0.000337
1114, 0.000563, 0.000347, 0.000343
1115, 0.000564, 0.000337, 0.000331
1116, 0.000560, 0.000341, 0.000335
1117, 0.000559, 0.000337, 0.000332
1118, 0.000562, 0.000341, 0.000334
1119, 0.000562, 0.000333, 0.000329
1120, 0.000559, 0.000343, 0.000337
1121, 0.000560, 0.000327, 0.000322
1122, 0.000560, 0.000333, 0.000328
1123, 0.000558, 0.000344, 0.000339
1124, 0.000556, 0.000327, 0.000325
1125, 0.000561, 0.000349, 0.000342
1126, 0.000561, 0.000330, 0.000327
1127, 0.000556, 0.000334, 0.000329
1128, 0.000549, 0.000332, 0.000324
1129, 0.000557, 0.000327, 0.000325
1130, 0.000555, 0.000346, 0.000341
1131, 0.000554, 0.000320, 0.000316
1132, 0.000555, 0.000339, 0.000334
1133, 0.000550, 0.000329, 0.000324
1134, 0.000549, 0.000319, 0.000314
1135, 0.000551, 0.000337, 0.000332
1136, 0.000548, 0.000322, 0.000318
1137, 0.000548, 0.000322, 0.000316
1138, 0.000549, 0.000345, 0.000341
1139, 0.000552, 0.000316, 0.000312
1140, 0.000547, 0.000330, 0.000323
1141, 0.000548, 0.000323, 0.000320
1142, 0.000548, 0.000315, 0.000311
1143, 0.000544, 0.000341, 0.000335
1144, 0.000550, 0.000319, 0.000318
1145, 0.000554, 0.000335, 0.000329
1146, 0.000547, 0.000318, 0.000314
1147, 0.000543, 0.000318, 0.000315
1148, 0.000542, 0.000327, 0.000322
1149, 0.000545, 0.000315, 0.000311
1150, 0.000541, 0.000324, 0.000319
1151, 0.000540, 0.000329, 0.000322
1152, 0.000545, 0.000316, 0.000314
1153, 0.000550, 0.000351, 0.000343
1154, 0.000549, 0.000309, 0.000304
1155, 0.000544, 0.000318, 0.000313
1156, 0.000538, 0.000335, 0.000328
1157, 0.000543, 0.000308, 0.000305
1158, 0.000549, 0.000342, 0.000335
1159, 0.000543, 0.000311, 0.000308
1160, 0.000537, 0.000309, 0.000304
1161, 0.000538, 0.000333, 0.000328
1162, 0.000540, 0.000305, 0.000303
1163, 0.000543, 0.000333, 0.000326
1164, 0.000543, 0.000314, 0.000312
1165, 0.000538, 0.000305, 0.000302
1166, 0.000540, 0.000344, 0.000337
1167, 0.000542, 0.000310, 0.000310
1168, 0.000550, 0.000332, 0.000325
1169, 0.000540, 0.000307, 0.000303
1170, 0.000533, 0.000311, 0.000309
1171, 0.000536, 0.000342, 0.000335
1172, 0.000544, 0.000302, 0.000299
1173, 0.000543, 0.000337, 0.000331
1174, 0.000537, 0.000305, 0.000300
1175, 0.000531, 0.000302, 0.000299
1176, 0.000530, 0.000338, 0.000332
1177, 0.000536, 0.000300, 0.000297
1178, 0.000536, 0.000318, 0.000313
1179, 0.000531, 0.000319, 0.000314
1180, 0.000529, 0.000299, 0.000296
1181, 0.000532, 0.000320, 0.000314
1182, 0.000531, 0.000305, 0.000301
1183, 0.000531, 0.000304, 0.000301
1184, 0.000529, 0.000314, 0.000309
1185, 0.000533, 0.000302, 0.000300
1186, 0.000533, 0.000318, 0.000314
1187, 0.000529, 0.000301, 0.000298
1188, 0.000527, 0.000308, 0.000305
1189, 0.000528, 0.000320, 0.000316
1190, 0.000527, 0.000295, 0.000292
1191, 0.000530, 0.000316, 0.000310
1192, 0.000527, 0.000314, 0.000311
1193, 0.000526, 0.000296, 0.000292
1194, 0.000527, 0.000316, 0.000310
1195, 0.000527, 0.000306, 0.000303
1196, 0.000527, 0.000309, 0.000304
1197, 0.000525, 0.000306, 0.000302
1198, 0.000525, 0.000302, 0.000299
1199, 0.000525, 0.000317, 0.000312
1200, 0.000523, 0.000298, 0.000296
1201, 0.000528, 0.000311, 0.000308
1202, 0.000523, 0.000302, 0.000298
1203, 0.000520, 0.000302, 0.000299
1204, 0.000525, 0.000305, 0.000300
1205, 0.000525, 0.000302, 0.000299
1206, 0.000520, 0.000300, 0.000296
1207, 0.000520, 0.000303, 0.000299
1208, 0.000520, 0.000300, 0.000297
1209, 0.000520, 0.000304, 0.000300
1210, 0.000522, 0.000296, 0.000294
1211, 0.000520, 0.000304, 0.000301
1212, 0.000518, 0.000297, 0.000294
1213, 0.000520, 0.000302, 0.000298
1214, 0.000519, 0.000302, 0.000299
1215, 0.000519, 0.000304, 0.000301
1216, 0.000522, 0.000305, 0.000301
1217, 0.000519, 0.000305, 0.000301
1218, 0.000519, 0.000297, 0.000293
1219, 0.000521, 0.000305, 0.000301
1220, 0.000521, 0.000309, 0.000306
1221, 0.000518, 0.000300, 0.000295
1222, 0.000520, 0.000301, 0.000296
1223, 0.000519, 0.000307, 0.000304
1224, 0.000520, 0.000299, 0.000294
1225, 0.000517, 0.000295, 0.000291
1226, 0.000516, 0.000306, 0.000303
1227, 0.000517, 0.000292, 0.000289
1228, 0.000517, 0.000306, 0.000302
1229, 0.000518, 0.000302, 0.000299
1230, 0.000519, 0.000291, 0.000287
1231, 0.000517, 0.000314, 0.000310
1232, 0.000517, 0.000293, 0.000291
1233, 0.000518, 0.000304, 0.000299
1234, 0.000517, 0.000299, 0.000296
1235, 0.000515, 0.000293, 0.000289
1236, 0.000514, 0.000305, 0.000300
1237, 0.000516, 0.000297, 0.000295
1238, 0.000516, 0.000305, 0.000299
1239, 0.000516, 0.000292, 0.000289
1240, 0.000514, 0.000309, 0.000305
1241, 0.000516, 0.000288, 0.000285
1242, 0.000515, 0.000307, 0.000305
1243, 0.000517, 0.000296, 0.000293
1244, 0.000515, 0.000291, 0.000288
1245, 0.000512, 0.000303, 0.000300
1246, 0.000512, 0.000298, 0.000294
1247, 0.000514, 0.000293, 0.000290
1248, 0.000510, 0.000301, 0.000297
1249, 0.000513, 0.000297, 0.000293
1250, 0.000513, 0.000293, 0.000291
1251, 0.000513, 0.000305, 0.000300
1252, 0.000512, 0.000288, 0.000285
1253, 0.000512, 0.000306, 0.000303
1254, 0.000513, 0.000291, 0.000287
1255, 0.000511, 0.000293, 0.000290
1256, 0.000512, 0.000303, 0.000300
1257, 0.000509, 0.000287, 0.000284
1258, 0.000511, 0.000299, 0.000295
1259, 0.000508, 0.000304, 0.000300
1260, 0.000509, 0.000284, 0.000281
1261, 0.000511, 0.000308, 0.000303
1262, 0.000511, 0.000294, 0.000292
1263, 0.000510, 0.000292, 0.000289
1264, 0.000510, 0.000307, 0.000303
1265, 0.000511, 0.000290, 0.000289
1266, 0.000511, 0.000305, 0.000300
1267, 0.000511, 0.000292, 0.000289
1268, 0.000509, 0.000298, 0.000296
1269, 0.000512, 0.000299, 0.000295
1270, 0.000509, 0.000288, 0.000284
1271, 0.000508, 0.000306, 0.000303
1272, 0.000511, 0.000287, 0.000282
1273, 0.000507, 0.000300, 0.000296
1274, 0.000506, 0.000298, 0.000296
1275, 0.000507, 0.000294, 0.000290
1276, 0.000508, 0.000296, 0.000293
1277, 0.000510, 0.000300, 0.000298
1278, 0.000511, 0.000291, 0.000287
1279, 0.000509, 0.000294, 0.000291
1280, 0.000506, 0.000301, 0.000298
1281, 0.000506, 0.000287, 0.000283
1282, 0.000507, 0.000296, 0.000292
1283, 0.000506, 0.000297, 0.000293
1284, 0.000505, 0.000284, 0.000280
1285, 0.000506, 0.000299, 0.000296
1286, 0.000505, 0.000287, 0.000284
1287, 0.000504, 0.000297, 0.000292
1288, 0.000507, 0.000293, 0.000290
1289, 0.000507, 0.000292, 0.000288
1290, 0.000504, 0.000294, 0.000289
1291, 0.000505, 0.000293, 0.000290
1292, 0.000504, 0.000298, 0.000295
1293, 0.000506, 0.000281, 0.000278
1294, 0.000507, 0.000302, 0.000298
1295, 0.000504, 0.000285, 0.000282
1296, 0.000503, 0.000297, 0.000293
1297, 0.000504, 0.000299, 0.000296
1298, 0.000504, 0.000289, 0.000285
1299, 0.000503, 0.000297, 0.000292
1300, 0.000503, 0.000294, 0.000289
1301, 0.000500, 0.000287, 0.000284
1302, 0.000503, 0.000307, 0.000302
1303, 0.000504, 0.000280, 0.000278
1304, 0.000509, 0.000307, 0.000302
1305, 0.000505, 0.000285, 0.000282
1306, 0.000504, 0.000292, 0.000289
1307, 0.000501, 0.000298, 0.000294
1308, 0.000503, 0.000281, 0.000278
1309, 0.000504, 0.000311, 0.000307
1310, 0.000504, 0.000285, 0.000282
1311, 0.000505, 0.000291, 0.000288
1312, 0.000499, 0.000293, 0.000289
1313, 0.000500, 0.000286, 0.000282
1314, 0.000503, 0.000307, 0.000301
1315, 0.000503, 0.000282, 0.000279
1316, 0.000500, 0.000304, 0.000300
1317, 0.000504, 0.000284, 0.000281
1318, 0.000502, 0.000298, 0.000294
1319, 0.000502, 0.000287, 0.000285
1320, 0.000503, 0.000303, 0.000300
1321, 0.000501, 0.000284, 0.000282
1322, 0.000502, 0.000303, 0.000300
1323, 0.000501, 0.000284, 0.000281
1324, 0.000498, 0.000290, 0.000287
1325, 0.000498, 0.000292, 0.000288
1326, 0.000500, 0.000291, 0.000287
1327, 0.000497, 0.000285, 0.000282
1328, 0.000502, 0.000298, 0.000295
1329, 0.000498, 0.000288, 0.000285
1330, 0.000498, 0.000290, 0.000287
1331, 0.000497, 0.000298, 0.000294
1332, 0.000501, 0.000283, 0.000280
1333, 0.000498, 0.000306, 0.000301
1334, 0.000499, 0.000281, 0.000278
1335, 0.000499, 0.000300, 0.000295
1336, 0.000498, 0.000285, 0.000282
1337, 0.000498, 0.000291, 0.000288
1338, 0.000500, 0.000291, 0.000287
1339, 0.000496, 0.000285, 0.000281
1340, 0.000498, 0.000297, 0.000293
1341, 0.000498, 0.000279, 0.000274
1342, 0.000502, 0.000302, 0.000296
1343, 0.000498, 0.000287, 0.000284
1344, 0.000499, 0.000288, 0.000283
1345, 0.000496, 0.000288, 0.000285
1346, 0.000496, 0.000291, 0.000289
1347, 0.000498, 0.000288, 0.000283
1348, 0.000496, 0.000289, 0.000286
1349, 0.000496, 0.000288, 0.000285
1350, 0.000496, 0.000291, 0.000286
1351, 0.000495, 0.000287, 0.000283
1352, 0.000496, 0.000291, 0.000288
1353, 0.000497, 0.000296, 0.000291
1354, 0.000499, 0.000277, 0.000275
1355, 0.000498, 0.000318, 0.000314
1356, 0.000503, 0.000275, 0.000272
1357, 0.000501, 0.000309, 0.000305
1358, 0.000499, 0.000278, 0.000276
1359, 0.000495, 0.000291, 0.000287
1360, 0.000494, 0.000293, 0.000290
1361, 0.000495, 0.000273, 0.000271
1362, 0.000498, 0.000320, 0.000315
1363, 0.000501, 0.000272, 0.000269
1364, 0.000502, 0.000314, 0.000309
1365, 0.000501, 0.000277, 0.000275
1366, 0.000496, 0.000297, 0.000293
1367, 0.000496, 0.000282, 0.000280
1368, 0.000495, 0.000287, 0.000285
1369, 0.000496, 0.000294, 0.000290
1370, 0.000497, 0.000278, 0.000276
1371, 0.000493, 0.000299, 0.000294
1372, 0.000494, 0.000284, 0.000279
1373, 0.000493, 0.000287, 0.000282
1374, 0.000493, 0.000293, 0.000288
1375, 0.000493, 0.000281, 0.000277
1376, 0.000493, 0.000293, 0.000289
1377, 0.000492, 0.000278, 0.000275
1378, 0.000493, 0.000292, 0.000288
1379, 0.000493, 0.000286, 0.000283
1380, 0.000492, 0.000276, 0.000272
1381, 0.000491, 0.000299, 0.000294
1382, 0.000492, 0.000279, 0.000275
1383, 0.000491, 0.000294, 0.000289
1384, 0.000493, 0.000281, 0.000277
1385, 0.000492, 0.000282, 0.000277
1386, 0.000490, 0.000290, 0.000286
1387, 0.000493, 0.000278, 0.000274
1388, 0.000492, 0.000302, 0.000297
1389, 0.000492, 0.000276, 0.000274
1390, 0.000492, 0.000300, 0.000295
1391, 0.000491, 0.000279, 0.000275
1392, 0.000491, 0.000291, 0.000287
1393, 0.000488, 0.000278, 0.000274
1394, 0.000488, 0.000287, 0.000284
1395, 0.000489, 0.000288, 0.000284
1396, 0.000488, 0.000280, 0.000277
1397, 0.000490, 0.000291, 0.000287
1398, 0.000489, 0.000280, 0.000276
1399, 0.000490, 0.000291, 0.000287
1400, 0.000489, 0.000282, 0.000278
1401, 0.000487, 0.000280, 0.000276
1402, 0.000489, 0.000296, 0.000292
1403, 0.000490, 0.000276, 0.000273
1404, 0.000488, 0.000296, 0.000291
1405, 0.000490, 0.000277, 0.000275
1406, 0.000488, 0.000287, 0.000283
1407, 0.000487, 0.000288, 0.000283
1408, 0.000486, 0.000280, 0.000278
1409, 0.000491, 0.000309, 0.000304
1410, 0.000495, 0.000268, 0.000266
1411, 0.000493, 0.000324, 0.000320
1412, 0.000496, 0.000268, 0.000265
1413, 0.000494, 0.000293, 0.000289
1414, 0.000485, 0.000289, 0.000285
1415, 0.000489, 0.000270, 0.000266
1416, 0.000490, 0.000310, 0.000304
1417, 0.000492, 0.000271, 0.000269
1418, 0.000493, 0.000309, 0.000303
1419, 0.000494, 0.000276, 0.000273
1420, 0.000491, 0.000293, 0.000288
1421, 0.000485, 0.000286, 0.000281
1422, 0.000488, 0.000274, 0.000271
1423, 0.000489, 0.000308, 0.000303
1424, 0.000491, 0.000267, 0.000263
1425, 0.000491, 0.000300, 0.000296
1426, 0.000487, 0.000280, 0.000276
1427, 0.000482, 0.000274, 0.000269
1428, 0.000486, 0.000305, 0.000300
1429, 0.000488, 0.000267, 0.000264
1430, 0.000492, 0.000316, 0.000310
1431, 0.000493, 0.000270, 0.000268
1432, 0.000490, 0.000293, 0.000288
1433, 0.000487, 0.000285, 0.000280
1434, 0.000484, 0.000273, 0.000270
1435, 0.000489, 0.000314, 0.000308
1436, 0.000490, 0.000264, 0.000261
1437, 0.000496, 0.000325, 0.000319
1438, 0.000494, 0.000266, 0.000263
1439, 0.000489, 0.000284, 0.000280
1440, 0.000485, 0.000296, 0.000291
1441, 0.000485, 0.000266, 0.000263
1442, 0.000490, 0.000316, 0.000309
1443, 0.000493, 0.000267, 0.000265
1444, 0.000492, 0.000294, 0.000289
1445, 0.000483, 0.000277, 0.000272
1446, 0.000481, 0.000269, 0.000266
1447, 0.000487, 0.000314, 0.000309
1448, 0.000489, 0.000264, 0.000261
1449, 0.000491, 0.000301, 0.000297
1450, 0.000483, 0.000280, 0.000277
1451, 0.000483, 0.000267, 0.000263
1452, 0.000487, 0.000322, 0.000317
1453, 0.000493, 0.000265, 0.000262
1454, 0.000490, 0.000299, 0.000293
1455, 0.000485, 0.000280, 0.000277
1456, 0.000483, 0.000268, 0.000263
1457, 0.000481, 0.000295, 0.000289
1458, 0.000485, 0.000270, 0.000268
1459, 0.000487, 0.000299, 0.000293
1460, 0.000486, 0.000270, 0.000266
1461, 0.000480, 0.000277, 0.000274
1462, 0.000480, 0.000291, 0.000286
1463, 0.000482, 0.000262, 0.000258
1464, 0.000487, 0.000302, 0.000297
1465, 0.000485, 0.000268, 0.000263
1466, 0.000482, 0.000272, 0.000268
1467, 0.000480, 0.000297, 0.000292
1468, 0.000485, 0.000262, 0.000259
1469, 0.000486, 0.000306, 0.000301
1470, 0.000489, 0.000268, 0.000264
1471, 0.000484, 0.000281, 0.000276
1472, 0.000479, 0.000284, 0.000280
1473, 0.000480, 0.000270, 0.000266
1474, 0.000481, 0.000302, 0.000296
1475, 0.000486, 0.000262, 0.000259
1476, 0.000487, 0.000309, 0.000302
1477, 0.000488, 0.000266, 0.000262
1478, 0.000480, 0.000278, 0.000273
1479, 0.000479, 0.000292, 0.000286
1480, 0.000483, 0.000263, 0.000260
1481, 0.000483, 0.000306, 0.000301
1482, 0.000484, 0.000267, 0.000263
1483, 0.000479, 0.000270, 0.000266
1484, 0.000476, 0.000300, 0.000295
1485, 0.000483, 0.000263, 0.000259
1486, 0.000482, 0.000291, 0.000285
1487, 0.000477, 0.000277, 0.000273
1488, 0.000478, 0.000267, 0.000263
1489, 0.000478, 0.000287, 0.000280
1490, 0.000480, 0.000272, 0.000269
1491, 0.000477, 0.000273, 0.000268
1492, 0.000474, 0.000281, 0.000275
1493, 0.000476, 0.000273, 0.000270
1494, 0.000474, 0.000276, 0.000272
1495, 0.000474, 0.000279, 0.000274
1496, 0.000474, 0.000268, 0.000265
1497, 0.000479, 0.000292, 0.000287
1498, 0.000478, 0.000262, 0.000257
1499, 0.000476, 0.000289, 0.000284
1500, 0.000475, 0.000273, 0.000267
1501, 0.000473, 0.000269, 0.000264
1502, 0.000474, 0.000289, 0.000284
1503, 0.000474, 0.000268, 0.000262
1504, 0.000475, 0.000272, 0.000267
1505, 0.000472, 0.000285, 0.000281
1506, 0.000477, 0.000267, 0.000263
1507, 0.000474, 0.000278, 0.000272
1508, 0.000471, 0.000280, 0.000276
1509, 0.000474, 0.000268, 0.000263
1510, 0.000473, 0.000282, 0.000275
1511, 0.000472, 0.000273, 0.000269
1512, 0.000474, 0.000271, 0.000266
1513, 0.000472, 0.000278, 0.000272
1514, 0.000473, 0.000270, 0.000267
1515, 0.000474, 0.000278, 0.000273
1516, 0.000470, 0.000274, 0.000268
1517, 0.000471, 0.000271, 0.000267
1518, 0.000471, 0.000281, 0.000277
1519, 0.000470, 0.000269, 0.000264
1520, 0.000473, 0.000281, 0.000276
1521, 0.000471, 0.000271, 0.000267
1522, 0.000470, 0.000272, 0.000267
1523, 0.000470, 0.000277, 0.000272
1524, 0.000474, 0.000272, 0.000266
1525, 0.000471, 0.000274, 0.000268
1526, 0.000470, 0.000270, 0.000266
1527, 0.000472, 0.000286, 0.000280
1528, 0.000473, 0.000260, 0.000256
1529, 0.000472, 0.000283, 0.000279
1530, 0.000471, 0.000269, 0.000264
1531, 0.000471, 0.000268, 0.000264
1532, 0.000470, 0.000286, 0.000282
1533, 0.000470, 0.000266, 0.000261
1534, 0.000472, 0.000286, 0.000282
1535, 0.000469, 0.000269, 0.000264
1536, 0.000467, 0.000273, 0.000266
1537, 0.000470, 0.000285, 0.000280
1538, 0.000470, 0.000260, 0.000256
1539, 0.000468, 0.000289, 0.000282
1540, 0.000472, 0.000264, 0.000261
1541, 0.000471, 0.000282, 0.000276
1542, 0.000469, 0.000267, 0.000262
1543, 0.000467, 0.000273, 0.000269
1544, 0.000465, 0.000274, 0.000269
1545, 0.000468, 0.000267, 0.000263
1546, 0.000469, 0.000274, 0.000271
1547, 0.000468, 0.000276, 0.000272
1548, 0.000469, 0.000264, 0.000259
1549, 0.000466, 0.000295, 0.000290
1550, 0.000471, 0.000258, 0.000254
1551, 0.000471, 0.000292, 0.000286
1552, 0.000470, 0.000269, 0.000265
1553, 0.000467, 0.000264, 0.000260
1554, 0.000467, 0.000297, 0.000290
1555, 0.000472, 0.000257, 0.000254
1556, 0.000473, 0.000308, 0.000301
1557, 0.000477, 0.000258, 0.000254
1558, 0.000469, 0.000275, 0.000270
1559, 0.000465, 0.000275, 0.000270
1560, 0.000466, 0.000263, 0.000259
1561, 0.000465, 0.000275, 0.000270
1562, 0.000466, 0.000269, 0.000264
1563, 0.000463, 0.000264, 0.000260
1564, 0.000462, 0.000279, 0.000274
1565, 0.000462, 0.000259, 0.000254
1566, 0.000464, 0.000284, 0.000278
1567, 0.000470, 0.000264, 0.000259
1568, 0.000465, 0.000277, 0.000271
1569, 0.000464, 0.000267, 0.000262
1570, 0.000465, 0.000283, 0.000277
1571, 0.000466, 0.000261, 0.000257
1572, 0.000466, 0.000283, 0.000278
1573, 0.000465, 0.000261, 0.000257
1574, 0.000465, 0.000280, 0.000274
1575, 0.000462, 0.000262, 0.000257
1576, 0.000463, 0.000272, 0.000267
1577, 0.000463, 0.000270, 0.000264
1578, 0.000460, 0.000260, 0.000254
1579, 0.000467, 0.000289, 0.000284
1580, 0.000468, 0.000256, 0.000251
1581, 0.000466, 0.000285, 0.000279
1582, 0.000464, 0.000262, 0.000258
1583, 0.000466, 0.000283, 0.000276
1584, 0.000463, 0.000266, 0.000260
1585, 0.000462, 0.000265, 0.000259
1586, 0.000461, 0.000281, 0.000274
1587, 0.000463, 0.000262, 0.000256
1588, 0.000461, 0.000265, 0.000260
1589, 0.000462, 0.000295, 0.000288
1590, 0.000466, 0.000252, 0.000248
1591, 0.000471, 0.000325, 0.000318
1592, 0.000477, 0.000248, 0.000244
1593, 0.000475, 0.000294, 0.000288
1594, 0.000464, 0.000267, 0.000262
1595, 0.000460, 0.000252, 0.000247
1596, 0.000462, 0.000310, 0.000302
1597, 0.000470, 0.000250, 0.000246
1598, 0.000472, 0.000298, 0.000291
1599, 0.000467, 0.000254, 0.000249
1600, 0.000459, 0.000261, 0.000256
1601, 0.000460, 0.000286, 0.000280
1602, 0.000460, 0.000250, 0.000246
1603, 0.000465, 0.000297, 0.000290
1604, 0.000464, 0.000253, 0.000248
1605, 0.000459, 0.000262, 0.000257
1606, 0.000458, 0.000283, 0.000276
1607, 0.000460, 0.000247, 0.000242
1608, 0.000462, 0.000294, 0.000287
1609, 0.000464, 0.000258, 0.000254
1610, 0.000461, 0.000259, 0.000253
1611, 0.000457, 0.000280, 0.000273
1612, 0.000459, 0.000258, 0.000253
1613, 0.000458, 0.000266, 0.000260
1614, 0.000459, 0.000274, 0.000267
1615, 0.000455, 0.000256, 0.000252
1616, 0.000462, 0.000285, 0.000277
1617, 0.000459, 0.000251, 0.000246
1618, 0.000460, 0.000277, 0.000271
1619, 0.000458, 0.000262, 0.000256
1620, 0.000456, 0.000251, 0.000246
1621, 0.000458, 0.000308, 0.000301
1622, 0.000465, 0.000245, 0.000240
1623, 0.000467, 0.000290, 0.000282
1624, 0.000460, 0.000260, 0.000255
1625, 0.000458, 0.000252, 0.000247
1626, 0.000455, 0.000300, 0.000292
1627, 0.000462, 0.000249, 0.000246
1628, 0.000467, 0.000294, 0.000286
1629, 0.000462, 0.000251, 0.000245
1630, 0.000455, 0.000258, 0.000253
1631, 0.000457, 0.000282, 0.000275
1632, 0.000459, 0.000246, 0.000241
1633, 0.000460, 0.000288, 0.000281
1634, 0.000458, 0.000252, 0.000246
1635, 0.000454, 0.000258, 0.000252
1636, 0.000455, 0.000267, 0.000261
1637, 0.000453, 0.000253, 0.000248
1638, 0.000453, 0.000271, 0.000264
1639, 0.000453, 0.000258, 0.000252
1640, 0.000450, 0.000258, 0.000253
1641, 0.000454, 0.000266, 0.000259
1642, 0.000453, 0.000254, 0.000248
1643, 0.000451, 0.000259, 0.000253
1644, 0.000451, 0.000266, 0.000259
1645, 0.000452, 0.000256, 0.000250
1646, 0.000452, 0.000266, 0.000260
1647, 0.000450, 0.000252, 0.000245
1648, 0.000453, 0.000267, 0.000261
1649, 0.000451, 0.000260, 0.000253
1650, 0.000452, 0.000257, 0.000249
1651, 0.000457, 0.000267, 0.000261
1652, 0.000450, 0.000261, 0.000254
1653, 0.000450, 0.000256, 0.000249
1654, 0.000452, 0.000271, 0.000265
1655, 0.000450, 0.000255, 0.000249
1656, 0.000445, 0.000256, 0.000249
1657, 0.000453, 0.000273, 0.000268
1658, 0.000453, 0.000250, 0.000244
1659, 0.000450, 0.000267, 0.000259
1660, 0.000451, 0.000262, 0.000257
1661, 0.000452, 0.000256, 0.000250
1662, 0.000449, 0.000270, 0.000263
1663, 0.000451, 0.000258, 0.000253
1664, 0.000453, 0.000266, 0.000259
1665, 0.000446, 0.000254, 0.000247
1666, 0.000450, 0.000268, 0.000263
1667, 0.000451, 0.000255, 0.000249
1668, 0.000447, 0.000255, 0.000248
1669, 0.000448, 0.000265, 0.000258
1670, 0.000448, 0.000248, 0.000242
1671, 0.000451, 0.000275, 0.000267
1672, 0.000452, 0.000245, 0.000240
1673, 0.000450, 0.000287, 0.000279
1674, 0.000453, 0.000244, 0.000238
1675, 0.000452, 0.000279, 0.000271
1676, 0.000447, 0.000259, 0.000253
1677, 0.000443, 0.000245, 0.000239
1678, 0.000448, 0.000285, 0.000277
1679, 0.000450, 0.000242, 0.000236
1680, 0.000451, 0.000281, 0.000273
1681, 0.000449, 0.000252, 0.000245
1682, 0.000446, 0.000252, 0.000245
1683, 0.000443, 0.000280, 0.000271
1684, 0.000449, 0.000239, 0.000233
1685, 0.000453, 0.000291, 0.000281
1686, 0.000450, 0.000246, 0.000239
1687, 0.000446, 0.000255, 0.000248
1688, 0.000443, 0.000274, 0.000266
1689, 0.000445, 0.000243, 0.000238
1690, 0.000446, 0.000281, 0.000273
1691, 0.000447, 0.000249, 0.000242
1692, 0.000443, 0.000252, 0.000245
1693, 0.000442, 0.000281, 0.000272
1694, 0.000446, 0.000242, 0.000235
1695, 0.000447, 0.000280, 0.000270
1696, 0.000444, 0.000244, 0.000238
1697, 0.000445, 0.000259, 0.000251
1698, 0.000441, 0.000258, 0.000250
1699, 0.000442, 0.000245, 0.000239
1700, 0.000444, 0.000275, 0.000267
1701, 0.000443, 0.000244, 0.000237
1702, 0.000443, 0.000265, 0.000257
1703, 0.000443, 0.000257, 0.000249
1704, 0.000442, 0.000246, 0.000239
1705, 0.000440, 0.000270, 0.000262
1706, 0.000441, 0.000245, 0.000239
1707, 0.000442, 0.000266, 0.000258
1708, 0.000441, 0.000251, 0.000244
1709, 0.000439, 0.000253, 0.000245
1710, 0.000439, 0.000261, 0.000252
1711, 0.000439, 0.000248, 0.000241
1712, 0.000439, 0.000257, 0.000250
1713, 0.000441, 0.000257, 0.000250
1714, 0.000439, 0.000250, 0.000243
1715, 0.000438, 0.000262, 0.000256
1716, 0.000440, 0.000253, 0.000246
1717, 0.000438, 0.000242, 0.000236
1718, 0.000440, 0.000282, 0.000274
1719, 0.000444, 0.000235, 0.000228
1720, 0.000448, 0.000290, 0.000281
1721, 0.000447, 0.000238, 0.000232
1722, 0.000440, 0.000256, 0.000248
1723, 0.000438, 0.000266, 0.000257
1724, 0.000438, 0.000239, 0.000233
1725, 0.000444, 0.000283, 0.000274
1726, 0.000443, 0.000238, 0.000232
1727, 0.000439, 0.000263, 0.000257
1728, 0.000438, 0.000250, 0.000243
1729, 0.000436, 0.000249, 0.000243
1730, 0.000433, 0.000266, 0.000259
1731, 0.000438, 0.000242, 0.000235
1732, 0.000440, 0.000275, 0.000266
1733, 0.000441, 0.000240, 0.000234
1734, 0.000439, 0.000268, 0.000259
1735, 0.000435, 0.000245, 0.000237
1736, 0.000434, 0.000249, 0.000242
1737, 0.000437, 0.000268, 0.000258
1738, 0.000437, 0.000236, 0.000229
1739, 0.000438, 0.000273, 0.000265
1740, 0.000437, 0.000243, 0.000235
1741, 0.000436, 0.000255, 0.000246
1742, 0.000434, 0.000249, 0.000242
1743, 0.000435, 0.000255, 0.000247
1744, 0.000432, 0.000253, 0.000244
1745, 0.000435, 0.000256, 0.000249
1746, 0.000435, 0.000254, 0.000246
1747, 0.000431, 0.000244, 0.000235
1748, 0.000437, 0.000270, 0.000262
1749, 0.000438, 0.000242, 0.000234
1750, 0.000433, 0.000265, 0.000255
1751, 0.000435, 0.000248, 0.000241
1752, 0.000433, 0.000256, 0.000248
1753, 0.000433, 0.000248, 0.000240
1754, 0.000431, 0.000247, 0.000240
1755, 0.000432, 0.000259, 0.000250
1756, 0.000431, 0.000242, 0.000234
1757, 0.000433, 0.000263, 0.000255
1758, 0.000433, 0.000243, 0.000235
1759, 0.000432, 0.000253, 0.000245
1760, 0.000430, 0.000255, 0.000247
1761, 0.000432, 0.000239, 0.000231
1762, 0.000432, 0.000265, 0.000257
1763, 0.000431, 0.000241, 0.000233
1764, 0.000432, 0.000260, 0.000251
1765, 0.000430, 0.000245, 0.000237
1766, 0.000431, 0.000253, 0.000244
1767, 0.000429, 0.000260, 0.000250
1768, 0.000432, 0.000234, 0.000227
1769, 0.000434, 0.000278, 0.000268
1770, 0.000434, 0.000231, 0.000224
1771, 0.000430, 0.000259, 0.000250
1772, 0.000429, 0.000252, 0.000243
1773, 0.000427, 0.000237, 0.000228
1774, 0.000430, 0.000270, 0.000261
1775, 0.000431, 0.000232, 0.000224
1776, 0.000432, 0.000278, 0.000267
1777, 0.000433, 0.000234, 0.000226
1778, 0.000430, 0.000260, 0.000251
1779, 0.000428, 0.000250, 0.000241
1780, 0.000427, 0.000244, 0.000237
1781, 0.000427, 0.000259, 0.000251
1782, 0.000429, 0.000235, 0.000227
1783, 0.000430, 0.000269, 0.000260
1784, 0.000429, 0.000234, 0.000226
1785, 0.000430, 0.000258, 0.000248
1786, 0.000431, 0.000245, 0.000236
1787, 0.000426, 0.000241, 0.000232
1788, 0.000427, 0.000261, 0.000250
1789, 0.000427, 0.000229, 0.000221
1790, 0.000429, 0.000271, 0.000262
1791, 0.000427, 0.000236, 0.000228
1792, 0.000425, 0.000241, 0.000233
1793, 0.000424, 0.000270, 0.000260
1794, 0.000426, 0.000227, 0.000219
1795, 0.000431, 0.000279, 0.000267
1796, 0.000431, 0.000228, 0.000220
1797, 0.000427, 0.000257, 0.000246
1798, 0.000423, 0.000250, 0.000240
1799, 0.000423, 0.000235, 0.000226
1800, 0.000426, 0.000277, 0.000266
1801, 0.000429, 0.000228, 0.000220
1802, 0.000426, 0.000262, 0.000251
1803, 0.000424, 0.000243, 0.000233
1804, 0.000424, 0.000239, 0.000230
1805, 0.000423, 0.000255, 0.000244
1806, 0.000423, 0.000237, 0.000228
1807, 0.000422, 0.000248, 0.000239
1808, 0.000422, 0.000247, 0.000237
1809, 0.000421, 0.000233, 0.000225
1810, 0.000422, 0.000257, 0.000248
1811, 0.000421, 0.000240, 0.000231
1812, 0.000420, 0.000238, 0.000229
1813, 0.000422, 0.000247, 0.000239
1814, 0.000421, 0.000242, 0.000233
1815, 0.000420, 0.000241, 0.000231
1816, 0.000421, 0.000254, 0.000245
1817, 0.000422, 0.000236, 0.000227
1818, 0.000421, 0.000251, 0.000241
1819, 0.000420, 0.000243, 0.000234
1820, 0.000418, 0.000239, 0.000229
1821, 0.000419, 0.000245, 0.000234
1822, 0.000418, 0.000239, 0.000230
1823, 0.000418, 0.000251, 0.000241
1824, 0.000418, 0.000239, 0.000229
1825, 0.000417, 0.000247, 0.000237
1826, 0.000417, 0.000245, 0.000235
1827, 0.000415, 0.000240, 0.000230
1828, 0.000416, 0.000252, 0.000242
1829, 0.000417, 0.000242, 0.000231
1830, 0.000420, 0.000242, 0.000231
1831, 0.000418, 0.000256, 0.000246
1832, 0.000420, 0.000226, 0.000218
1833, 0.000419, 0.000267, 0.000257
1834, 0.000420, 0.000228, 0.000219
1835, 0.000417, 0.000243, 0.000234
1836, 0.000415, 0.000257, 0.000247
1837, 0.000417, 0.000218, 0.000209
1838, 0.000427, 0.000302, 0.000289
1839, 0.000430, 0.000219, 0.000210
1840, 0.000427, 0.000274, 0.000262
1841, 0.000420, 0.000234, 0.000223
1842, 0.000416, 0.000232, 0.000222
1843, 0.000417, 0.000286, 0.000273
1844, 0.000423, 0.000220, 0.000211
1845, 0.000431, 0.000299, 0.000287
1846, 0.000432, 0.000216, 0.000207
1847, 0.000428, 0.000272, 0.000262
1848, 0.000420, 0.000233, 0.000223
1849, 0.000413, 0.000229, 0.000220
1850, 0.000417, 0.000275, 0.000264
1851, 0.000422, 0.000218, 0.000209
1852, 0.000426, 0.000290, 0.000279
1853, 0.000432, 0.000220, 0.000212
1854, 0.000422, 0.000249, 0.000239
1855, 0.000416, 0.000245, 0.000234
1856, 0.000415, 0.000223, 0.000215
1857, 0.000418, 0.000270, 0.000257
1858, 0.000418, 0.000225, 0.000215
1859, 0.000414, 0.000241, 0.000231
1860, 0.000413, 0.000251, 0.000239
1861, 0.000415, 0.000220, 0.000211
1862, 0.000417, 0.000270, 0.000259
1863, 0.000418, 0.000220, 0.000210
1864, 0.000417, 0.000246, 0.000235
1865, 0.000413, 0.000240, 0.000231
1866, 0.000412, 0.000223, 0.000213
1867, 0.000415, 0.000256, 0.000245
1868, 0.000414, 0.000225, 0.000216
1869, 0.000410, 0.000235, 0.000224
1870, 0.000411, 0.000243, 0.000231
1871, 0.000412, 0.000228, 0.000219
1872, 0.000413, 0.000242, 0.000231
1873, 0.000409, 0.000231, 0.000221
1874, 0.000409, 0.000237, 0.000228
1875, 0.000410, 0.000238, 0.000227
1876, 0.000409, 0.000227, 0.000217
1877, 0.000409, 0.000246, 0.000235
1878, 0.000411, 0.000219, 0.000209
1879, 0.000411, 0.000261, 0.000248
1880, 0.000413, 0.000219, 0.000209
1881, 0.000411, 0.000253, 0.000241
1882, 0.000408, 0.000227, 0.000216
1883, 0.000406, 0.000232, 0.000221
1884, 0.000406, 0.000239, 0.000227
1885, 0.000407, 0.000223, 0.000213
1886, 0.000408, 0.000245, 0.000234
1887, 0.000408, 0.000231, 0.000220
1888, 0.000406, 0.000223, 0.000213
1889, 0.000408, 0.000261, 0.000249
1890, 0.000410, 0.000217, 0.000207
1891, 0.000410, 0.000245, 0.000233
1892, 0.000405, 0.000231, 0.000220
1893, 0.000407, 0.000234, 0.000222
1894, 0.000407, 0.000232, 0.000220
1895, 0.000404, 0.000239, 0.000228
1896, 0.000408, 0.000224, 0.000213
1897, 0.000404, 0.000241, 0.000230
1898, 0.000406, 0.000227, 0.000217
1899, 0.000403, 0.000233, 0.000222
1900, 0.000403, 0.000236, 0.000225
1901, 0.000402, 0.000221, 0.000210
1902, 0.000405, 0.000253, 0.000241
1903, 0.000407, 0.000220, 0.000210
1904, 0.000405, 0.000241, 0.000230
1905, 0.000404, 0.000224, 0.000214
1906, 0.000402, 0.000237, 0.000225
1907, 0.000403, 0.000233, 0.000221
1908, 0.000400, 0.000224, 0.000213
1909, 0.000404, 0.000250, 0.000238
1910, 0.000404, 0.000218, 0.000207
1911, 0.000405, 0.000250, 0.000237
1912, 0.000404, 0.000224, 0.000213
1913, 0.000403, 0.000232, 0.000220
1914, 0.000401, 0.000242, 0.000229
1915, 0.000402, 0.000217, 0.000207
1916, 0.000403, 0.000250, 0.000236
1917, 0.000404, 0.000215, 0.000203
1918, 0.000403, 0.000242, 0.000230
1919, 0.000401, 0.000238, 0.000225
1920, 0.000402, 0.000216, 0.000204
1921, 0.000403, 0.000261, 0.000248
1922, 0.000405, 0.000212, 0.000201
1923, 0.000406, 0.000261, 0.000248
1924, 0.000404, 0.000215, 0.000205
1925, 0.000405, 0.000251, 0.000238
1926, 0.000403, 0.000224, 0.000212
1927, 0.000402, 0.000239, 0.000227
1928, 0.000397, 0.000221, 0.000210
1929, 0.000398, 0.000238, 0.000225
1930, 0.000399, 0.000224, 0.000213
1931, 0.000400, 0.000226, 0.000214
1932, 0.000399, 0.000245, 0.000232
1933, 0.000401, 0.000219, 0.000208
1934, 0.000402, 0.000240, 0.000227
1935, 0.000400, 0.000227, 0.000216
1936, 0.000398, 0.000225, 0.000214
1937, 0.000396, 0.000234, 0.000222
1938, 0.000397, 0.000224, 0.000213
1939, 0.000398, 0.000229, 0.000218
1940, 0.000397, 0.000230, 0.000218
1941, 0.000396, 0.000226, 0.000214
1942, 0.000395, 0.000236, 0.000224
1943, 0.000397, 0.000227, 0.000215
1944, 0.000395, 0.000220, 0.000209
1945, 0.000396, 0.000245, 0.000232
1946, 0.000400, 0.000213, 0.000203
1947, 0.000396, 0.000246, 0.000235
1948, 0.000395, 0.000221, 0.000210
1949, 0.000397, 0.000223, 0.000212
1950, 0.000396, 0.000249, 0.000237
1951, 0.000397, 0.000208, 0.000197
1952, 0.000401, 0.000271, 0.000258
1953, 0.000405, 0.000204, 0.000194
1954, 0.000407, 0.000269, 0.000257
1955, 0.000402, 0.000215, 0.000203
1956, 0.000395, 0.000223, 0.000211
1957, 0.000395, 0.000253, 0.000241
1958, 0.000397, 0.000205, 0.000194
1959, 0.000399, 0.000267, 0.000253
1960, 0.000401, 0.000208, 0.000196
1961, 0.000399, 0.000246, 0.000232
1962, 0.000393, 0.000221, 0.000209
1963, 0.000392, 0.000215, 0.000203
1964, 0.000394, 0.000256, 0.000241
1965, 0.000398, 0.000205, 0.000194
1966, 0.000399, 0.000249, 0.000235
1967, 0.000394, 0.000218, 0.000207
1968, 0.000392, 0.000214, 0.000203
1969, 0.000396, 0.000260, 0.000247
1970, 0.000399, 0.000203, 0.000193
1971, 0.000399, 0.000255, 0.000241
1972, 0.000395, 0.000222, 0.000209
1973, 0.000390, 0.000210, 0.000198
1974, 0.000393, 0.000260, 0.000246
1975, 0.000399, 0.000201, 0.000190
1976, 0.000401, 0.000265, 0.000252
1977, 0.000399, 0.000203, 0.000192
1978, 0.000394, 0.000237, 0.000225
1979, 0.000392, 0.000226, 0.000214
1980, 0.000389, 0.000208, 0.000197
1981, 0.000392, 0.000250, 0.000238
1982, 0.000396, 0.000206, 0.000195
1983, 0.000391, 0.000228, 0.000216
1984, 0.000390, 0.000226, 0.000213
1985, 0.000389, 0.000210, 0.000199
1986, 0.000391, 0.000239, 0.000226
1987, 0.000389, 0.000212, 0.000201
1988, 0.000390, 0.000229, 0.000218
1989, 0.000388, 0.000219, 0.000207
1990, 0.000390, 0.000220, 0.000209
1991, 0.000390, 0.000228, 0.000216
1992, 0.000386, 0.000217, 0.000204
1993, 0.000388, 0.000226, 0.000212
1994, 0.000388, 0.000228, 0.000215
1995, 0.000389, 0.000214, 0.000201
1996, 0.000390, 0.000231, 0.000218
1997, 0.000388, 0.000213, 0.000200
1998, 0.000387, 0.000232, 0.000218
1999, 0.000390, 0.000213, 0.000201
2000, 0.000386, 0.000220, 0.000207
2001, 0.000385, 0.000232, 0.000218
2002, 0.000386, 0.000208, 0.000196
2003, 0.000389, 0.000239, 0.000224
2004, 0.000387, 0.000211, 0.000199
2005, 0.000385, 0.000219, 0.000206
2006, 0.000384, 0.000228, 0.000215
2007, 0.000385, 0.000211, 0.000199
2008, 0.000385, 0.000235, 0.000223
2009, 0.000385, 0.000210, 0.000198
2010, 0.000388, 0.000229, 0.000216
2011, 0.000387, 0.000222, 0.000208
2012, 0.000385, 0.000213, 0.000200
2013, 0.000387, 0.000241, 0.000227
2014, 0.000387, 0.000205, 0.000192
2015, 0.000387, 0.000246, 0.000232
2016, 0.000386, 0.000210, 0.000198
2017, 0.000386, 0.000226, 0.000213
2018, 0.000384, 0.000229, 0.000215
2019, 0.000384, 0.000206, 0.000193
2020, 0.000384, 0.000248, 0.000233
2021, 0.000389, 0.000196, 0.000183
2022, 0.000391, 0.000263, 0.000248
2023, 0.000391, 0.000201, 0.000189
2024, 0.000388, 0.000227, 0.000213
2025, 0.000381, 0.000233, 0.000220
2026, 0.000383, 0.000203, 0.000191
2027, 0.000387, 0.000250, 0.000236
2028, 0.000388, 0.000195, 0.000185
2029, 0.000397, 0.000270, 0.000255
2030, 0.000394, 0.000197, 0.000186
2031, 0.000390, 0.000247, 0.000233
2032, 0.000385, 0.000211, 0.000197
2033, 0.000381, 0.000213, 0.000200
2034, 0.000379, 0.000232, 0.000218
2035, 0.000383, 0.000202, 0.000189
2036, 0.000382, 0.000238, 0.000225
2037, 0.000382, 0.000204, 0.000192
2038, 0.000382, 0.000237, 0.000223
2039, 0.000383, 0.000204, 0.000192
2040, 0.000383, 0.000229, 0.000214
2041, 0.000381, 0.000208, 0.000194
2042, 0.000380, 0.000218, 0.000205
2043, 0.000378, 0.000221, 0.000206
2044, 0.000380, 0.000208, 0.000195
2045, 0.000379, 0.000225, 0.000212
2046, 0.000378, 0.000211, 0.000198
2047, 0.000379, 0.000214, 0.000201
2048, 0.000379, 0.000229, 0.000217
2049, 0.000380, 0.000197, 0.000185
2050, 0.000379, 0.000245, 0.000230
2051, 0.000381, 0.000198, 0.000186
2052, 0.000381, 0.000230, 0.000215
2053, 0.000377, 0.000211, 0.000197
2054, 0.000379, 0.000217, 0.000203
2055, 0.000377, 0.000212, 0.000198
2056, 0.000376, 0.000219, 0.000204
2057, 0.000379, 0.000209, 0.000196
2058, 0.000377, 0.000230, 0.000215
2059, 0.000380, 0.000204, 0.000191
2060, 0.000379, 0.000232, 0.000217
2061, 0.000377, 0.000207, 0.000193
2062, 0.000376, 0.000219, 0.000204
2063, 0.000375, 0.000214, 0.000200
2064, 0.000374, 0.000210, 0.000196
2065, 0.000373, 0.000221, 0.000207
2066, 0.000373, 0.000209, 0.000195
2067, 0.000379, 0.000223, 0.000209
2068, 0.000378, 0.000212, 0.000198
2069, 0.000376, 0.000218, 0.000203
2070, 0.000373, 0.000209, 0.000196
2071, 0.000375, 0.000225, 0.000210
2072, 0.000377, 0.000208, 0.000194
2073, 0.000376, 0.000224, 0.000210
2074, 0.000375, 0.000214, 0.000201
2075, 0.000374, 0.000214, 0.000200
2076, 0.000375, 0.000226, 0.000212
2077, 0.000376, 0.000204, 0.000192
2078, 0.000376, 0.000223, 0.000208
2079, 0.000374, 0.000211, 0.000197
2080, 0.000372, 0.000210, 0.000196
2081, 0.000371, 0.000232, 0.000216
2082, 0.000373, 0.000197, 0.000184
2083, 0.000376, 0.000245, 0.000230
2084, 0.000378, 0.000199, 0.000185
2085, 0.000376, 0.000228, 0.000214
2086, 0.000374, 0.000215, 0.000201
2087, 0.000373, 0.000207, 0.000193
2088, 0.000371, 0.000225, 0.000212
2089, 0.000372, 0.000208, 0.000195
2090, 0.000370, 0.000221, 0.000207
2091, 0.000371, 0.000202, 0.000189
2092, 0.000371, 0.000224, 0.000209
2093, 0.000371, 0.000203, 0.000189
2094, 0.000370, 0.000219, 0.000205
2095, 0.000370, 0.000212, 0.000197
2096, 0.000369, 0.000210, 0.000195
2097, 0.000370, 0.000219, 0.000205
2098, 0.000369, 0.000206, 0.000192
2099, 0.000371, 0.000216, 0.000202
2100, 0.000370, 0.000217, 0.000203
2101, 0.000369, 0.000208, 0.000194
2102, 0.000370, 0.000235, 0.000221
2103, 0.000371, 0.000191, 0.000178
2104, 0.000374, 0.000257, 0.000240
2105, 0.000380, 0.000192, 0.000179
2106, 0.000378, 0.000248, 0.000233
2107, 0.000373, 0.000197, 0.000183
2108, 0.000370, 0.000217, 0.000203
2109, 0.000367, 0.000220, 0.000205
2110, 0.000370, 0.000202, 0.000188
2111, 0.000369, 0.000223, 0.000209
2112, 0.000369, 0.000204, 0.000189
2113, 0.000369, 0.000221, 0.000205
2114, 0.000368, 0.000209, 0.000194
2115, 0.000369, 0.000219, 0.000203
2116, 0.000367, 0.000213, 0.000197
2117, 0.000365, 0.000212, 0.000198
2118, 0.000368, 0.000215, 0.000200
2119, 0.000366, 0.000215, 0.000200
2120, 0.000366, 0.000207, 0.000192
2121, 0.000365, 0.000222, 0.000207
2122, 0.000363, 0.000204, 0.000190
2123, 0.000368, 0.000209, 0.000194
2124, 0.000366, 0.000211, 0.000197
2125, 0.000365, 0.000200, 0.000186
2126, 0.000366, 0.000224, 0.000209
2127, 0.000367, 0.000197, 0.000183
2128, 0.000366, 0.000232, 0.000217
2129, 0.000368, 0.000201, 0.000186
2130, 0.000366, 0.000228, 0.000212
2131, 0.000366, 0.000205, 0.000191
2132, 0.000367, 0.000217, 0.000201
2133, 0.000366, 0.000212, 0.000197
2134, 0.000363, 0.000206, 0.000193
2135, 0.000363, 0.000219, 0.000204
2136, 0.000363, 0.000199, 0.000185
2137, 0.000365, 0.000224, 0.000209
2138, 0.000364, 0.000198, 0.000182
2139, 0.000365, 0.000217, 0.000201
2140, 0.000362, 0.000225, 0.000209
2141, 0.000367, 0.000190, 0.000175
2142, 0.000369, 0.000267, 0.000250
2143, 0.000373, 0.000183, 0.000170
2144, 0.000376, 0.000272, 0.000255
2145, 0.000377, 0.000188, 0.000175
2146, 0.000373, 0.000240, 0.000225
2147, 0.000363, 0.000203, 0.000189
2148, 0.000362, 0.000202, 0.000188
2149, 0.000361, 0.000223, 0.000208
2150, 0.000362, 0.000195, 0.000180
2151, 0.000366, 0.000223, 0.000207
2152, 0.000362, 0.000201, 0.000186
2153, 0.000362, 0.000209, 0.000193
2154, 0.000361, 0.000211, 0.000196
2155, 0.000361, 0.000207, 0.000192
2156, 0.000359, 0.000207, 0.000192
2157, 0.000360, 0.000210, 0.000196
2158, 0.000361, 0.000200, 0.000186
2159, 0.000360, 0.000217, 0.000203
2160, 0.000360, 0.000200, 0.000185
2161, 0.000360, 0.000221, 0.000205
2162, 0.000363, 0.000196, 0.000182
2163, 0.000360, 0.000225, 0.000210
2164, 0.000361, 0.000202, 0.000186
2165, 0.000363, 0.000216, 0.000201
2166, 0.000359, 0.000201, 0.000186
2167, 0.000358, 0.000228, 0.000211
2168, 0.000365, 0.000195, 0.000181
2169, 0.000366, 0.000242, 0.000224
2170, 0.000365, 0.000192, 0.000177
2171, 0.000366, 0.000238, 0.000223
2172, 0.000364, 0.000194, 0.000179
2173, 0.000363, 0.000233, 0.000218
2174, 0.000362, 0.000194, 0.000179
2175, 0.000359, 0.000220, 0.000205
2176, 0.000360, 0.000201, 0.000187
2177, 0.000360, 0.000212, 0.000197
2178, 0.000355, 0.000204, 0.000189
2179, 0.000356, 0.000209, 0.000194
2180, 0.000358, 0.000206, 0.000190
2181, 0.000357, 0.000213, 0.000196
2182, 0.000359, 0.000201, 0.000185
2183, 0.000356, 0.000216, 0.000199
2184, 0.000358, 0.000194, 0.000178
2185, 0.000358, 0.000226, 0.000210
2186, 0.000357, 0.000194, 0.000180
2187, 0.000357, 0.000222, 0.000207
2188, 0.000356, 0.000202, 0.000188
2189, 0.000355, 0.000198, 0.000184
2190, 0.000356, 0.000225, 0.000210
2191, 0.000357, 0.000190, 0.000176
2192, 0.000358, 0.000233, 0.000216
2193, 0.000359, 0.000190, 0.000175
2194, 0.000360, 0.000219, 0.000203
2195, 0.000356, 0.000201, 0.000185
2196, 0.000355, 0.000210, 0.000194
2197, 0.000353, 0.000220, 0.000204
2198, 0.000356, 0.000187, 0.000172
2199, 0.000359, 0.000241, 0.000224
2200, 0.000360, 0.000183, 0.000169
2201, 0.000360, 0.000239, 0.000223
2202, 0.000361, 0.000187, 0.000172
2203, 0.000357, 0.000226, 0.000210
2204, 0.000354, 0.000198, 0.000183
2205, 0.000355, 0.000204, 0.000188
2206, 0.000354, 0.000226, 0.000210
2207, 0.000354, 0.000182, 0.000167
2208, 0.000359, 0.000265, 0.000246
2209, 0.000364, 0.000177, 0.000162
2210, 0.000363, 0.000247, 0.000229
2211, 0.000358, 0.000190, 0.000174
2212, 0.000355, 0.000199, 0.000184
2213, 0.000355, 0.000228, 0.000212
2214, 0.000354, 0.000180, 0.000166
2215, 0.000358, 0.000250, 0.000233
2216, 0.000362, 0.000176, 0.000162
2217, 0.000358, 0.000228, 0.000212
2218, 0.000354, 0.000203, 0.000187
2219, 0.000351, 0.000190, 0.000174
2220, 0.000354, 0.000241, 0.000224
2221, 0.000357, 0.000181, 0.000165
2222, 0.000358, 0.000237, 0.000219
2223, 0.000357, 0.000189, 0.000175
2224, 0.000356, 0.000217, 0.000200
2225, 0.000352, 0.000207, 0.000192
2226, 0.000350, 0.000191, 0.000176
2227, 0.000351, 0.000223, 0.000206
2228, 0.000352, 0.000185, 0.000169
2229, 0.000355, 0.000223, 0.000206
2230, 0.000351, 0.000188, 0.000172
2231, 0.000352, 0.000215, 0.000198
2232, 0.000350, 0.000197, 0.000181
2233, 0.000351, 0.000202, 0.000186
2234, 0.000349, 0.000208, 0.000192
2235, 0.000351, 0.000191, 0.000176
2236, 0.000352, 0.000226, 0.000210
2237, 0.000351, 0.000184, 0.000169
2238, 0.000352, 0.000231, 0.000215
2239, 0.000353, 0.000186, 0.000171
2240, 0.000352, 0.000210, 0.000194
2241, 0.000349, 0.000207, 0.000192
2242, 0.000347, 0.000186, 0.000171
2243, 0.000349, 0.000227, 0.000210
2244, 0.000350, 0.000189, 0.000174
2245, 0.000350, 0.000205, 0.000189
2246, 0.000348, 0.000216, 0.000200
2247, 0.000349, 0.000178, 0.000163
2248, 0.000352, 0.000253, 0.000235
2249, 0.000357, 0.000175, 0.000161
2250, 0.000357, 0.000235, 0.000218
2251, 0.000350, 0.000185, 0.000170
2252, 0.000351, 0.000217, 0.000202
2253, 0.000346, 0.000197, 0.000182
2254, 0.000346, 0.000195, 0.000180
2255, 0.000345, 0.000216, 0.000200
2256, 0.000346, 0.000186, 0.000170
2257, 0.000346, 0.000215, 0.000198
2258, 0.000345, 0.000197, 0.000182
2259, 0.000346, 0.000205, 0.000188
2260, 0.000345, 0.000199, 0.000183
2261, 0.000346, 0.000208, 0.000191
2262, 0.000343, 0.000197, 0.000181
2263, 0.000348, 0.000202, 0.000186
2264, 0.000343, 0.000190, 0.000175
2265, 0.000347, 0.000222, 0.000205
2266, 0.000345, 0.000190, 0.000174
2267, 0.000343, 0.000199, 0.000183
2268, 0.000343, 0.000209, 0.000192
2269, 0.000343, 0.000186, 0.000171
2270, 0.000345, 0.000221, 0.000204
2271, 0.000345, 0.000194, 0.000177
2272, 0.000342, 0.000207, 0.000190
2273, 0.000343, 0.000200, 0.000183
2274, 0.000343, 0.000195, 0.000178
2275, 0.000342, 0.000201, 0.000185
2276, 0.000343, 0.000201, 0.000184
2277, 0.000342, 0.000205, 0.000188
2278, 0.000342, 0.000205, 0.000189
2279, 0.000344, 0.000194, 0.000178
2280, 0.000341, 0.000207, 0.000191
2281, 0.000343, 0.000201, 0.000185
2282, 0.000341, 0.000190, 0.000175
2283, 0.000341, 0.000225, 0.000210
2284, 0.000343, 0.000184, 0.000169
2285, 0.000344, 0.000229, 0.000212
2286, 0.000346, 0.000183, 0.000168
2287, 0.000345, 0.000217, 0.000199
2288, 0.000341, 0.000198, 0.000181
2289, 0.000344, 0.000206, 0.000190
2290, 0.000342, 0.000205, 0.000188
2291, 0.000340, 0.000196, 0.000179
2292, 0.000341, 0.000207, 0.000191
2293, 0.000341, 0.000189, 0.000173
2294, 0.000341, 0.000216, 0.000199
2295, 0.000340, 0.000196, 0.000180
2296, 0.000342, 0.000203, 0.000186
2297, 0.000338, 0.000208, 0.000191
2298, 0.000343, 0.000192, 0.000176
2299, 0.000342, 0.000216, 0.000199
2300, 0.000340, 0.000187, 0.000172
2301, 0.000339, 0.000210, 0.000193
2302, 0.000340, 0.000201, 0.000183
2303, 0.000339, 0.000205, 0.000188
2304, 0.000340, 0.000193, 0.000177
2305, 0.000339, 0.000214, 0.000195
2306, 0.000340, 0.000208, 0.000192
2307, 0.000341, 0.000183, 0.000167
2308, 0.000341, 0.000262, 0.000244
2309, 0.000350, 0.000168, 0.000154
2310, 0.000354, 0.000278, 0.000260
2311, 0.000358, 0.000166, 0.000150
2312, 0.000356, 0.000265, 0.000247
2313, 0.000355, 0.000172, 0.000157
2314, 0.000345, 0.000222, 0.000204
2315, 0.000339, 0.000204, 0.000188
2316, 0.000339, 0.000178, 0.000163
2317, 0.000340, 0.000246, 0.000228
2318, 0.000347, 0.000167, 0.000153
2319, 0.000351, 0.000270, 0.000252
2320, 0.000354, 0.000170, 0.000155
2321, 0.000348, 0.000225, 0.000208
2322, 0.000339, 0.000194, 0.000178
2323, 0.000336, 0.000183, 0.000166
2324, 0.000340, 0.000229, 0.000211
2325, 0.000340, 0.000180, 0.000163
2326, 0.000338, 0.000212, 0.000193
2327, 0.000336, 0.000188, 0.000172
2328, 0.000337, 0.000201, 0.000184
2329, 0.000334, 0.000191, 0.000175
2330, 0.000335, 0.000195, 0.000179
2331, 0.000334, 0.000197, 0.000181
2332, 0.000336, 0.000184, 0.000168
2333, 0.000334, 0.000213, 0.000196
2334, 0.000337, 0.000183, 0.000167
2335, 0.000333, 0.000214, 0.000196
2336, 0.000336, 0.000184, 0.000167
2337, 0.000337, 0.000210, 0.000192
2338, 0.000337, 0.000189, 0.000172
2339, 0.000332, 0.000200, 0.000183
2340, 0.000333, 0.000198, 0.000182
2341, 0.000329, 0.000187, 0.000171
2342, 0.000334, 0.000218, 0.000201
2343, 0.000335, 0.000173, 0.000158
2344, 0.000337, 0.000236, 0.000217
2345, 0.000340, 0.000173, 0.000157
2346, 0.000336, 0.000212, 0.000194
2347, 0.000333, 0.000198, 0.000180
2348, 0.000332, 0.000182, 0.000165
2349, 0.000332, 0.000220, 0.000202
2350, 0.000334, 0.000175, 0.000159
2351, 0.000335, 0.000225, 0.000207
2352, 0.000336, 0.000173, 0.000158
2353, 0.000339, 0.000227, 0.000210
2354, 0.000336, 0.000173, 0.000158
2355, 0.000334, 0.000230, 0.000212
2356, 0.000337, 0.000176, 0.000160
2357, 0.000333, 0.000205, 0.000187
2358, 0.000329, 0.000196, 0.000178
2359, 0.000329, 0.000194, 0.000177
2360, 0.000331, 0.000195, 0.000179
2361, 0.000329, 0.000208, 0.000191
2362, 0.000330, 0.000177, 0.000161
2363, 0.000332, 0.000228, 0.000210
2364, 0.000333, 0.000175, 0.000158
2365, 0.000331, 0.000212, 0.000194
2366, 0.000331, 0.000185, 0.000168
2367, 0.000329, 0.000197, 0.000179
2368, 0.000328, 0.000198, 0.000180
2369, 0.000327, 0.000192, 0.000174
2370, 0.000330, 0.000200, 0.000182
2371, 0.000328, 0.000188, 0.000171
2372, 0.000329, 0.000202, 0.000185
2373, 0.000328, 0.000184, 0.000167
2374, 0.000329, 0.000212, 0.000194
2375, 0.000329, 0.000191, 0.000174
2376, 0.000328, 0.000193, 0.000176
2377, 0.000326, 0.000214, 0.000195
2378, 0.000328, 0.000180, 0.000163
2379, 0.000329, 0.000213, 0.000195
2380, 0.000328, 0.000182, 0.000166
2381, 0.000329, 0.000213, 0.000195
2382, 0.000324, 0.000192, 0.000175
2383, 0.000326, 0.000188, 0.000171
2384, 0.000328, 0.000216, 0.000198
2385, 0.000328, 0.000181, 0.000164
2386, 0.000327, 0.000221, 0.000202
2387, 0.000329, 0.000173, 0.000157
2388, 0.000332, 0.000221, 0.000202
2389, 0.000327, 0.000187, 0.000171
2390, 0.000328, 0.000196, 0.000180
2391, 0.000326, 0.000213, 0.000195
2392, 0.000326, 0.000177, 0.000162
2393, 0.000328, 0.000236, 0.000217
2394, 0.000332, 0.000176, 0.000160
2395, 0.000331, 0.000231, 0.000213
2396, 0.000331, 0.000176, 0.000160
2397, 0.000328, 0.000220, 0.000201
2398, 0.000328, 0.000181, 0.000166
2399, 0.000332, 0.000204, 0.000186
2400, 0.000325, 0.000211, 0.000193
2401, 0.000323, 0.000176, 0.000161
2402, 0.000329, 0.000224, 0.000205
2403, 0.000326, 0.000184, 0.000167
2404, 0.000328, 0.000208, 0.000192
2405, 0.000326, 0.000189, 0.000173
2406, 0.000323, 0.000210, 0.000193
2407, 0.000324, 0.000183, 0.000168
2408, 0.000323, 0.000212, 0.000195
2409, 0.000324, 0.000181, 0.000165
2410, 0.000321, 0.000205, 0.000188
2411, 0.000322, 0.000197, 0.000180
2412, 0.000322, 0.000181, 0.000166
2413, 0.000325, 0.000225, 0.000206
2414, 0.000329, 0.000177, 0.000162
2415, 0.000325, 0.000209, 0.000193
2416, 0.000324, 0.000200, 0.000183
2417, 0.000322, 0.000185, 0.000170
2418, 0.000322, 0.000220, 0.000203
2419, 0.000322, 0.000175, 0.000159
2420, 0.000322, 0.000215, 0.000197
2421, 0.000321, 0.000192, 0.000175
2422, 0.000320, 0.000185, 0.000167
2423, 0.000323, 0.000223, 0.000204
2424, 0.000324, 0.000177, 0.000161
2425, 0.000321, 0.000218, 0.000200
2426, 0.000322, 0.000176, 0.000160
2427, 0.000323, 0.000222, 0.000205
2428, 0.000324, 0.000177, 0.000161
2429, 0.000320, 0.000207, 0.000190
2430, 0.000317, 0.000196, 0.000179
2431, 0.000318, 0.000189, 0.000172
2432, 0.000319, 0.000214, 0.000197
2433, 0.000318, 0.000180, 0.000164
2434, 0.000321, 0.000211, 0.000194
2435, 0.000320, 0.000200, 0.000183
2436, 0.000318, 0.000183, 0.000167
2437, 0.000318, 0.000215, 0.000197
2438, 0.000320, 0.000181, 0.000164
2439, 0.000318, 0.000211, 0.000194
2440, 0.000319, 0.000176, 0.000160
2441, 0.000320, 0.000221, 0.000204
2442, 0.000320, 0.000182, 0.000165
2443, 0.000319, 0.000201, 0.000184
2444, 0.000317, 0.000197, 0.000179
2445, 0.000318, 0.000192, 0.000174
2446, 0.000315, 0.000204, 0.000186
2447, 0.000318, 0.000184, 0.000167
2448, 0.000315, 0.000210, 0.000192
2449, 0.000319, 0.000181, 0.000165
2450, 0.000317, 0.000215, 0.000197
2451, 0.000316, 0.000185, 0.000168
2452, 0.000318, 0.000205, 0.000188
2453, 0.000316, 0.000193, 0.000177
2454, 0.000315, 0.000189, 0.000172
2455, 0.000316, 0.000217, 0.000199
2456, 0.000317, 0.000170, 0.000154
2457, 0.000318, 0.000255, 0.000236
2458, 0.000325, 0.000157, 0.000141
2459, 0.000331, 0.000273, 0.000253
2460, 0.000331, 0.000159, 0.000143
2461, 0.000331, 0.000257, 0.000237
2462, 0.000325, 0.000170, 0.000154
2463, 0.000317, 0.000192, 0.000174
2464, 0.000314, 0.000228, 0.000209
2465, 0.000318, 0.000160, 0.000145
2466, 0.000327, 0.000291, 0.000269
2467, 0.000338, 0.000155, 0.000140
2468, 0.000344, 0.000292, 0.000271
2469, 0.000341, 0.000158, 0.000142
2470, 0.000328, 0.000220, 0.000202
2471, 0.000317, 0.000204, 0.000187
2472, 0.000314, 0.000160, 0.000144
2473, 0.000323, 0.000273, 0.000254
2474, 0.000333, 0.000155, 0.000140
2475, 0.000328, 0.000234, 0.000216
2476, 0.000320, 0.000186, 0.000170
2477, 0.000315, 0.000167, 0.000151
2478, 0.000314, 0.000237, 0.000218
2479, 0.000319, 0.000161, 0.000145
2480, 0.000321, 0.000222, 0.000202
2481, 0.000316, 0.000180, 0.000164
2482, 0.000313, 0.000173, 0.000157
2483, 0.000314, nan, nan
