Epoch, Train Loss, Valid Loss, Test Loss
1, 0.494865, 0.542094, 0.543739
2, 0.425496, 0.475905, 0.478213
3, 0.372602, 0.417431, 0.420622
4, 0.333291, 0.369355, 0.373135
5, 0.303378, 0.331301, 0.335604
6, 0.280075, 0.307068, 0.311441
7, 0.264312, 0.287323, 0.291695
8, 0.250262, 0.270065, 0.274326
9, 0.236774, 0.252882, 0.256787
10, 0.222607, 0.235950, 0.239533
11, 0.208227, 0.219422, 0.222667
12, 0.193719, 0.203365, 0.206220
13, 0.179299, 0.188509, 0.191012
14, 0.165799, 0.174415, 0.176638
15, 0.153128, 0.160822, 0.162813
16, 0.141055, 0.147888, 0.149676
17, 0.129620, 0.135497, 0.137101
18, 0.118717, 0.123430, 0.124878
19, 0.108176, 0.111617, 0.112944
20, 0.097938, 0.100162, 0.101393
21, 0.088075, 0.089238, 0.090387
22, 0.078702, 0.079059, 0.080131
23, 0.069947, 0.069802, 0.070795
24, 0.061932, 0.061513, 0.062421
25, 0.054718, 0.054150, 0.054978
26, 0.048292, 0.047658, 0.048416
27, 0.042596, 0.041979, 0.042675
28, 0.037586, 0.037053, 0.037696
29, 0.033217, 0.032748, 0.033342
30, 0.029389, 0.028923, 0.029473
31, 0.026035, 0.025534, 0.026044
32, 0.023038, 0.022569, 0.023043
33, 0.020456, 0.020017, 0.020457
34, 0.018199, 0.017827, 0.018237
35, 0.016265, 0.015962, 0.016344
36, 0.014623, 0.014378, 0.014739
37, 0.013227, 0.013044, 0.013387
38, 0.012054, 0.011913, 0.012241
39, 0.011053, 0.010944, 0.011259
40, 0.010188, 0.010091, 0.010394
41, 0.009421, 0.009317, 0.009609
42, 0.008752, 0.008599, 0.008881
43, 0.008128, 0.007960, 0.008232
44, 0.007579, 0.007387, 0.007647
45, 0.007083, 0.006871, 0.007121
46, 0.006637, 0.006406, 0.006647
47, 0.006251, 0.005988, 0.006221
48, 0.005904, 0.005622, 0.005849
49, 0.005603, 0.005309, 0.005531
50, 0.005341, 0.005046, 0.005262
51, 0.005116, 0.004820, 0.005029
52, 0.004909, 0.004616, 0.004816
53, 0.004721, 0.004432, 0.004625
54, 0.004560, 0.004264, 0.004450
55, 0.004413, 0.004117, 0.004296
56, 0.004277, 0.003986, 0.004160
57, 0.004159, 0.003865, 0.004035
58, 0.004056, 0.003760, 0.003925
59, 0.003968, 0.003676, 0.003836
60, 0.003897, 0.003609, 0.003764
61, 0.003828, 0.003544, 0.003694
62, 0.003765, 0.003477, 0.003624
63, 0.003717, 0.003413, 0.003556
64, 0.003669, 0.003351, 0.003490
65, 0.003621, 0.003302, 0.003436
66, 0.003573, 0.003257, 0.003388
67, 0.003523, 0.003219, 0.003346
68, 0.003500, 0.003174, 0.003297
69, 0.003461, 0.003133, 0.003254
70, 0.003440, 0.003102, 0.003219
71, 0.003404, 0.003081, 0.003195
72, 0.003377, 0.003058, 0.003169
73, 0.003359, 0.003033, 0.003141
74, 0.003337, 0.003008, 0.003113
75, 0.003320, 0.002985, 0.003088
76, 0.003295, 0.002967, 0.003067
77, 0.003286, 0.002954, 0.003051
78, 0.003271, 0.002945, 0.003039
79, 0.003256, 0.002932, 0.003023
80, 0.003239, 0.002915, 0.003003
81, 0.003229, 0.002897, 0.002984
82, 0.003219, 0.002883, 0.002967
83, 0.003210, 0.002877, 0.002959
84, 0.003195, 0.002879, 0.002958
85, 0.003193, 0.002868, 0.002944
86, 0.003178, 0.002857, 0.002930
87, 0.003169, 0.002844, 0.002916
88, 0.003163, 0.002834, 0.002904
89, 0.003155, 0.002828, 0.002897
90, 0.003153, 0.002821, 0.002887
91, 0.003138, 0.002812, 0.002877
92, 0.003137, 0.002809, 0.002871
93, 0.003137, 0.002809, 0.002868
94, 0.003125, 0.002805, 0.002861
95, 0.003117, 0.002798, 0.002853
96, 0.003105, 0.002790, 0.002844
97, 0.003107, 0.002782, 0.002834
98, 0.003101, 0.002777, 0.002827
99, 0.003091, 0.002779, 0.002827
100, 0.003092, 0.002781, 0.002828
101, 0.003087, 0.002778, 0.002824
102, 0.003075, 0.002769, 0.002813
103, 0.003076, 0.002759, 0.002803
104, 0.003074, 0.002756, 0.002798
105, 0.003065, 0.002759, 0.002799
106, 0.003060, 0.002763, 0.002801
107, 0.003062, 0.002758, 0.002795
108, 0.003051, 0.002750, 0.002786
109, 0.003046, 0.002742, 0.002777
110, 0.003046, 0.002742, 0.002775
111, 0.003043, 0.002746, 0.002777
112, 0.003044, 0.002741, 0.002771
113, 0.003035, 0.002736, 0.002765
114, 0.003032, 0.002732, 0.002761
115, 0.003036, 0.002731, 0.002759
116, 0.003017, 0.002730, 0.002757
117, 0.003017, 0.002726, 0.002752
118, 0.003013, 0.002723, 0.002748
119, 0.003014, 0.002724, 0.002748
120, 0.003012, 0.002723, 0.002747
121, 0.003005, 0.002721, 0.002743
122, 0.003007, 0.002718, 0.002740
123, 0.003004, 0.002716, 0.002736
124, 0.003000, 0.002714, 0.002732
125, 0.002998, 0.002715, 0.002733
126, 0.002993, 0.002713, 0.002730
127, 0.002990, 0.002704, 0.002721
128, 0.002991, 0.002701, 0.002718
129, 0.002989, 0.002702, 0.002717
130, 0.002983, 0.002708, 0.002722
131, 0.002981, 0.002706, 0.002719
132, 0.002973, 0.002702, 0.002714
133, 0.002969, 0.002697, 0.002709
134, 0.002967, 0.002695, 0.002706
135, 0.002960, 0.002695, 0.002705
136, 0.002964, 0.002694, 0.002703
137, 0.002963, 0.002696, 0.002704
138, 0.002956, 0.002693, 0.002701
139, 0.002954, 0.002692, 0.002699
140, 0.002947, 0.002686, 0.002693
141, 0.002943, 0.002685, 0.002691
142, 0.002940, 0.002684, 0.002689
143, 0.002936, 0.002685, 0.002690
144, 0.002937, 0.002685, 0.002690
145, 0.002933, 0.002687, 0.002691
146, 0.002928, 0.002684, 0.002686
147, 0.002929, 0.002679, 0.002682
148, 0.002920, 0.002675, 0.002677
149, 0.002930, 0.002672, 0.002675
150, 0.002920, 0.002672, 0.002674
151, 0.002914, 0.002674, 0.002675
152, 0.002916, 0.002673, 0.002673
153, 0.002906, 0.002673, 0.002672
154, 0.002914, 0.002670, 0.002669
155, 0.002907, 0.002668, 0.002668
156, 0.002903, 0.002668, 0.002667
157, 0.002902, 0.002669, 0.002667
158, 0.002897, 0.002667, 0.002664
159, 0.002897, 0.002669, 0.002665
160, 0.002894, 0.002664, 0.002660
161, 0.002892, 0.002664, 0.002661
162, 0.002883, 0.002661, 0.002656
163, 0.002889, 0.002659, 0.002654
164, 0.002883, 0.002658, 0.002652
165, 0.002878, 0.002659, 0.002652
166, 0.002880, 0.002659, 0.002652
167, 0.002872, 0.002660, 0.002653
168, 0.002874, 0.002658, 0.002651
169, 0.002867, 0.002655, 0.002648
170, 0.002875, 0.002653, 0.002644
171, 0.002868, 0.002652, 0.002644
172, 0.002864, 0.002650, 0.002641
173, 0.002858, 0.002649, 0.002640
174, 0.002860, 0.002649, 0.002640
175, 0.002856, 0.002648, 0.002638
176, 0.002855, 0.002648, 0.002638
177, 0.002847, 0.002647, 0.002637
178, 0.002850, 0.002646, 0.002635
179, 0.002845, 0.002646, 0.002635
180, 0.002841, 0.002644, 0.002633
181, 0.002843, 0.002643, 0.002633
182, 0.002836, 0.002641, 0.002630
183, 0.002835, 0.002638, 0.002627
184, 0.002833, 0.002637, 0.002625
185, 0.002830, 0.002638, 0.002624
186, 0.002829, 0.002640, 0.002627
187, 0.002829, 0.002638, 0.002625
188, 0.002822, 0.002637, 0.002624
189, 0.002823, 0.002634, 0.002620
190, 0.002823, 0.002636, 0.002621
191, 0.002817, 0.002634, 0.002619
192, 0.002815, 0.002631, 0.002618
193, 0.002810, 0.002628, 0.002615
194, 0.002808, 0.002626, 0.002611
195, 0.002807, 0.002626, 0.002611
196, 0.002807, 0.002626, 0.002611
197, 0.002808, 0.002627, 0.002612
198, 0.002803, 0.002624, 0.002609
199, 0.002795, 0.002622, 0.002606
200, 0.002796, 0.002620, 0.002604
201, 0.002790, 0.002621, 0.002604
202, 0.002790, 0.002623, 0.002606
203, 0.002791, 0.002623, 0.002606
204, 0.002784, 0.002619, 0.002601
205, 0.002790, 0.002616, 0.002597
206, 0.002785, 0.002614, 0.002595
207, 0.002781, 0.002613, 0.002595
208, 0.002779, 0.002613, 0.002596
209, 0.002778, 0.002612, 0.002594
210, 0.002770, 0.002611, 0.002592
211, 0.002774, 0.002609, 0.002590
212, 0.002772, 0.002611, 0.002591
213, 0.002770, 0.002609, 0.002590
214, 0.002762, 0.002606, 0.002588
215, 0.002767, 0.002604, 0.002586
216, 0.002762, 0.002603, 0.002585
217, 0.002760, 0.002603, 0.002583
218, 0.002762, 0.002603, 0.002583
219, 0.002754, 0.002600, 0.002581
220, 0.002753, 0.002599, 0.002579
221, 0.002753, 0.002596, 0.002577
222, 0.002753, 0.002595, 0.002576
223, 0.002748, 0.002595, 0.002575
224, 0.002747, 0.002595, 0.002574
225, 0.002742, 0.002594, 0.002573
226, 0.002738, 0.002592, 0.002572
227, 0.002739, 0.002590, 0.002570
228, 0.002741, 0.002588, 0.002567
229, 0.002733, 0.002588, 0.002566
230, 0.002732, 0.002588, 0.002566
231, 0.002731, 0.002585, 0.002564
232, 0.002728, 0.002584, 0.002563
233, 0.002726, 0.002582, 0.002561
234, 0.002724, 0.002583, 0.002561
235, 0.002725, 0.002580, 0.002558
236, 0.002723, 0.002578, 0.002556
237, 0.002723, 0.002576, 0.002555
238, 0.002720, 0.002575, 0.002554
239, 0.002714, 0.002576, 0.002553
240, 0.002717, 0.002573, 0.002551
241, 0.002710, 0.002570, 0.002548
242, 0.002710, 0.002567, 0.002546
243, 0.002709, 0.002566, 0.002543
244, 0.002704, 0.002566, 0.002542
245, 0.002702, 0.002565, 0.002542
246, 0.002701, 0.002564, 0.002541
247, 0.002696, 0.002562, 0.002538
248, 0.002694, 0.002559, 0.002535
249, 0.002697, 0.002557, 0.002533
250, 0.002691, 0.002555, 0.002532
251, 0.002690, 0.002555, 0.002532
252, 0.002688, 0.002554, 0.002531
253, 0.002687, 0.002552, 0.002528
254, 0.002692, 0.002550, 0.002526
255, 0.002681, 0.002548, 0.002524
256, 0.002682, 0.002546, 0.002522
257, 0.002681, 0.002546, 0.002522
258, 0.002674, 0.002545, 0.002521
259, 0.002678, 0.002543, 0.002519
260, 0.002673, 0.002540, 0.002515
261, 0.002669, 0.002537, 0.002512
262, 0.002667, 0.002536, 0.002511
263, 0.002666, 0.002536, 0.002510
264, 0.002665, 0.002535, 0.002509
265, 0.002660, 0.002532, 0.002507
266, 0.002661, 0.002528, 0.002503
267, 0.002658, 0.002525, 0.002500
268, 0.002658, 0.002525, 0.002499
269, 0.002652, 0.002526, 0.002500
270, 0.002652, 0.002524, 0.002498
271, 0.002652, 0.002521, 0.002495
272, 0.002650, 0.002519, 0.002493
273, 0.002646, 0.002517, 0.002490
274, 0.002645, 0.002514, 0.002487
275, 0.002639, 0.002513, 0.002487
276, 0.002636, 0.002514, 0.002488
277, 0.002638, 0.002511, 0.002484
278, 0.002635, 0.002509, 0.002482
279, 0.002635, 0.002507, 0.002480
280, 0.002630, 0.002505, 0.002478
281, 0.002632, 0.002502, 0.002475
282, 0.002631, 0.002501, 0.002474
283, 0.002629, 0.002501, 0.002473
284, 0.002628, 0.002501, 0.002474
285, 0.002623, 0.002498, 0.002471
286, 0.002623, 0.002495, 0.002468
287, 0.002621, 0.002491, 0.002463
288, 0.002614, 0.002490, 0.002463
289, 0.002617, 0.002491, 0.002463
290, 0.002616, 0.002488, 0.002460
291, 0.002614, 0.002488, 0.002460
292, 0.002608, 0.002490, 0.002462
293, 0.002610, 0.002486, 0.002458
294, 0.002610, 0.002481, 0.002453
295, 0.002606, 0.002481, 0.002453
296, 0.002601, 0.002482, 0.002455
297, 0.002605, 0.002481, 0.002453
298, 0.002602, 0.002477, 0.002448
299, 0.002597, 0.002474, 0.002446
300, 0.002598, 0.002476, 0.002447
301, 0.002600, 0.002474, 0.002445
302, 0.002595, 0.002472, 0.002443
303, 0.002594, 0.002473, 0.002444
304, 0.002597, 0.002473, 0.002444
305, 0.002594, 0.002468, 0.002439
306, 0.002591, 0.002465, 0.002436
307, 0.002588, 0.002468, 0.002439
308, 0.002589, 0.002466, 0.002437
309, 0.002586, 0.002463, 0.002434
310, 0.002582, 0.002463, 0.002434
311, 0.002584, 0.002465, 0.002436
312, 0.002583, 0.002462, 0.002433
313, 0.002581, 0.002461, 0.002432
314, 0.002581, 0.002460, 0.002432
315, 0.002579, 0.002460, 0.002431
316, 0.002578, 0.002458, 0.002429
317, 0.002574, 0.002455, 0.002426
318, 0.002578, 0.002455, 0.002426
319, 0.002575, 0.002456, 0.002427
320, 0.002576, 0.002455, 0.002426
321, 0.002575, 0.002452, 0.002423
322, 0.002572, 0.002455, 0.002425
323, 0.002575, 0.002457, 0.002427
324, 0.002573, 0.002452, 0.002423
325, 0.002570, 0.002450, 0.002420
326, 0.002568, 0.002448, 0.002419
327, 0.002568, 0.002448, 0.002418
328, 0.002564, 0.002448, 0.002418
329, 0.002568, 0.002448, 0.002419
330, 0.002567, 0.002447, 0.002417
331, 0.002563, 0.002449, 0.002419
332, 0.002565, 0.002447, 0.002417
333, 0.002562, 0.002447, 0.002417
334, 0.002561, 0.002444, 0.002415
335, 0.002558, 0.002443, 0.002414
336, 0.002559, 0.002447, 0.002418
337, 0.002560, 0.002444, 0.002415
338, 0.002561, 0.002438, 0.002410
339, 0.002558, 0.002440, 0.002411
340, 0.002558, 0.002444, 0.002415
341, 0.002556, 0.002439, 0.002411
342, 0.002553, 0.002440, 0.002411
343, 0.002556, 0.002445, 0.002415
344, 0.002551, 0.002438, 0.002408
345, 0.002550, 0.002433, 0.002404
346, 0.002552, 0.002439, 0.002409
347, 0.002551, 0.002440, 0.002410
348, 0.002550, 0.002435, 0.002406
349, 0.002554, 0.002436, 0.002406
350, 0.002550, 0.002438, 0.002408
351, 0.002548, 0.002433, 0.002403
352, 0.002550, 0.002432, 0.002403
353, 0.002547, 0.002434, 0.002405
354, 0.002547, 0.002432, 0.002403
355, 0.002547, 0.002430, 0.002401
356, 0.002546, 0.002433, 0.002403
357, 0.002546, 0.002430, 0.002400
358, 0.002543, 0.002428, 0.002399
359, 0.002542, 0.002430, 0.002400
360, 0.002544, 0.002435, 0.002405
361, 0.002544, 0.002427, 0.002398
362, 0.002544, 0.002425, 0.002396
363, 0.002543, 0.002428, 0.002398
364, 0.002537, 0.002427, 0.002397
365, 0.002541, 0.002423, 0.002393
366, 0.002541, 0.002425, 0.002395
367, 0.002537, 0.002427, 0.002397
368, 0.002536, 0.002423, 0.002393
369, 0.002538, 0.002423, 0.002393
370, 0.002536, 0.002426, 0.002395
371, 0.002538, 0.002423, 0.002393
372, 0.002539, 0.002421, 0.002391
373, 0.002536, 0.002423, 0.002393
374, 0.002534, 0.002421, 0.002391
375, 0.002533, 0.002420, 0.002391
376, 0.002532, 0.002423, 0.002393
377, 0.002533, 0.002420, 0.002390
378, 0.002534, 0.002419, 0.002389
379, 0.002535, 0.002421, 0.002390
380, 0.002531, 0.002417, 0.002388
381, 0.002528, 0.002419, 0.002389
382, 0.002530, 0.002419, 0.002389
383, 0.002529, 0.002416, 0.002386
384, 0.002534, 0.002417, 0.002387
385, 0.002529, 0.002419, 0.002389
386, 0.002527, 0.002416, 0.002386
387, 0.002528, 0.002415, 0.002385
388, 0.002527, 0.002414, 0.002384
389, 0.002526, 0.002418, 0.002387
390, 0.002527, 0.002415, 0.002384
391, 0.002527, 0.002413, 0.002383
392, 0.002526, 0.002418, 0.002387
393, 0.002526, 0.002412, 0.002382
394, 0.002524, 0.002412, 0.002381
395, 0.002520, 0.002414, 0.002383
396, 0.002523, 0.002416, 0.002386
397, 0.002521, 0.002411, 0.002381
398, 0.002522, 0.002413, 0.002382
399, 0.002523, 0.002413, 0.002382
400, 0.002524, 0.002407, 0.002378
401, 0.002520, 0.002409, 0.002379
402, 0.002516, 0.002416, 0.002385
403, 0.002521, 0.002409, 0.002380
404, 0.002521, 0.002408, 0.002379
405, 0.002519, 0.002411, 0.002380
406, 0.002518, 0.002409, 0.002378
407, 0.002518, 0.002405, 0.002375
408, 0.002516, 0.002408, 0.002377
409, 0.002518, 0.002408, 0.002377
410, 0.002514, 0.002408, 0.002377
411, 0.002515, 0.002406, 0.002376
412, 0.002515, 0.002408, 0.002377
413, 0.002516, 0.002405, 0.002374
414, 0.002513, 0.002405, 0.002374
415, 0.002512, 0.002406, 0.002376
416, 0.002518, 0.002405, 0.002375
417, 0.002511, 0.002406, 0.002375
418, 0.002511, 0.002401, 0.002372
419, 0.002514, 0.002405, 0.002376
420, 0.002508, 0.002408, 0.002377
421, 0.002509, 0.002402, 0.002372
422, 0.002513, 0.002402, 0.002372
423, 0.002511, 0.002412, 0.002380
424, 0.002513, 0.002401, 0.002371
425, 0.002513, 0.002400, 0.002370
426, 0.002513, 0.002418, 0.002385
427, 0.002510, 0.002401, 0.002371
428, 0.002512, 0.002399, 0.002370
429, 0.002514, 0.002410, 0.002378
430, 0.002514, 0.002402, 0.002371
431, 0.002506, 0.002398, 0.002369
432, 0.002510, 0.002403, 0.002371
433, 0.002508, 0.002409, 0.002377
434, 0.002511, 0.002399, 0.002369
435, 0.002508, 0.002405, 0.002374
436, 0.002503, 0.002412, 0.002380
437, 0.002507, 0.002398, 0.002369
438, 0.002508, 0.002398, 0.002367
439, 0.002503, 0.002405, 0.002373
440, 0.002506, 0.002396, 0.002366
441, 0.002505, 0.002396, 0.002366
442, 0.002507, 0.002404, 0.002373
443, 0.002507, 0.002398, 0.002368
444, 0.002504, 0.002398, 0.002368
445, 0.002500, 0.002401, 0.002369
446, 0.002503, 0.002398, 0.002367
447, 0.002504, 0.002394, 0.002365
448, 0.002503, 0.002402, 0.002370
449, 0.002502, 0.002399, 0.002368
450, 0.002500, 0.002394, 0.002365
451, 0.002501, 0.002397, 0.002366
452, 0.002501, 0.002398, 0.002367
453, 0.002498, 0.002393, 0.002363
454, 0.002503, 0.002395, 0.002364
455, 0.002500, 0.002401, 0.002369
456, 0.002500, 0.002395, 0.002364
457, 0.002496, 0.002395, 0.002364
458, 0.002499, 0.002396, 0.002365
459, 0.002502, 0.002399, 0.002368
460, 0.002499, 0.002392, 0.002363
461, 0.002499, 0.002393, 0.002362
462, 0.002496, 0.002396, 0.002365
463, 0.002499, 0.002392, 0.002361
464, 0.002496, 0.002395, 0.002364
465, 0.002496, 0.002398, 0.002366
466, 0.002496, 0.002390, 0.002360
467, 0.002499, 0.002394, 0.002363
468, 0.002495, 0.002402, 0.002370
469, 0.002499, 0.002390, 0.002360
470, 0.002500, 0.002392, 0.002362
471, 0.002493, 0.002400, 0.002368
472, 0.002500, 0.002390, 0.002360
473, 0.002495, 0.002390, 0.002360
474, 0.002493, 0.002396, 0.002364
475, 0.002498, 0.002390, 0.002360
476, 0.002497, 0.002390, 0.002360
477, 0.002490, 0.002398, 0.002366
478, 0.002494, 0.002389, 0.002359
479, 0.002496, 0.002389, 0.002358
480, 0.002492, 0.002393, 0.002362
481, 0.002493, 0.002388, 0.002358
482, 0.002491, 0.002390, 0.002359
483, 0.002491, 0.002391, 0.002360
484, 0.002490, 0.002392, 0.002361
485, 0.002490, 0.002388, 0.002357
486, 0.002496, 0.002394, 0.002361
487, 0.002492, 0.002389, 0.002358
488, 0.002491, 0.002387, 0.002356
489, 0.002491, 0.002394, 0.002361
490, 0.002492, 0.002390, 0.002358
491, 0.002488, 0.002386, 0.002355
492, 0.002490, 0.002389, 0.002357
493, 0.002487, 0.002390, 0.002359
494, 0.002490, 0.002386, 0.002355
495, 0.002489, 0.002392, 0.002360
496, 0.002489, 0.002393, 0.002361
497, 0.002491, 0.002384, 0.002355
498, 0.002490, 0.002389, 0.002358
499, 0.002488, 0.002391, 0.002360
500, 0.002488, 0.002383, 0.002354
501, 0.002486, 0.002390, 0.002359
502, 0.002486, 0.002389, 0.002358
503, 0.002488, 0.002383, 0.002353
504, 0.002486, 0.002385, 0.002355
505, 0.002485, 0.002393, 0.002361
506, 0.002489, 0.002381, 0.002352
507, 0.002490, 0.002388, 0.002357
508, 0.002485, 0.002394, 0.002362
509, 0.002488, 0.002383, 0.002354
510, 0.002485, 0.002387, 0.002356
511, 0.002485, 0.002397, 0.002364
512, 0.002490, 0.002380, 0.002351
513, 0.002489, 0.002388, 0.002357
514, 0.002486, 0.002388, 0.002357
515, 0.002486, 0.002381, 0.002351
516, 0.002485, 0.002386, 0.002355
517, 0.002479, 0.002392, 0.002360
518, 0.002486, 0.002380, 0.002351
519, 0.002484, 0.002389, 0.002357
520, 0.002483, 0.002387, 0.002355
521, 0.002482, 0.002380, 0.002350
522, 0.002483, 0.002389, 0.002356
523, 0.002483, 0.002387, 0.002354
524, 0.002483, 0.002379, 0.002349
525, 0.002480, 0.002386, 0.002354
526, 0.002481, 0.002386, 0.002354
527, 0.002480, 0.002380, 0.002350
528, 0.002482, 0.002387, 0.002355
529, 0.002479, 0.002379, 0.002348
530, 0.002478, 0.002378, 0.002348
531, 0.002478, 0.002393, 0.002361
532, 0.002482, 0.002379, 0.002349
533, 0.002481, 0.002380, 0.002350
534, 0.002478, 0.002385, 0.002355
535, 0.002478, 0.002382, 0.002352
536, 0.002479, 0.002379, 0.002349
537, 0.002478, 0.002383, 0.002352
538, 0.002483, 0.002382, 0.002351
539, 0.002479, 0.002377, 0.002347
540, 0.002477, 0.002384, 0.002352
541, 0.002477, 0.002381, 0.002350
542, 0.002476, 0.002375, 0.002345
543, 0.002480, 0.002381, 0.002350
544, 0.002478, 0.002381, 0.002350
545, 0.002474, 0.002376, 0.002346
546, 0.002474, 0.002379, 0.002349
547, 0.002476, 0.002377, 0.002347
548, 0.002472, 0.002379, 0.002348
549, 0.002475, 0.002381, 0.002350
550, 0.002473, 0.002379, 0.002348
551, 0.002474, 0.002378, 0.002347
552, 0.002471, 0.002373, 0.002343
553, 0.002475, 0.002383, 0.002351
554, 0.002473, 0.002373, 0.002343
555, 0.002477, 0.002379, 0.002348
556, 0.002470, 0.002376, 0.002345
557, 0.002471, 0.002374, 0.002344
558, 0.002473, 0.002377, 0.002346
559, 0.002469, 0.002376, 0.002345
560, 0.002471, 0.002375, 0.002345
561, 0.002473, 0.002378, 0.002347
562, 0.002469, 0.002375, 0.002345
563, 0.002471, 0.002376, 0.002346
564, 0.002472, 0.002370, 0.002341
565, 0.002472, 0.002376, 0.002345
566, 0.002470, 0.002377, 0.002346
567, 0.002468, 0.002372, 0.002342
568, 0.002469, 0.002377, 0.002345
569, 0.002472, 0.002374, 0.002343
570, 0.002466, 0.002368, 0.002338
571, 0.002468, 0.002374, 0.002342
572, 0.002466, 0.002372, 0.002341
573, 0.002464, 0.002372, 0.002341
574, 0.002465, 0.002375, 0.002344
575, 0.002467, 0.002368, 0.002339
576, 0.002468, 0.002375, 0.002344
577, 0.002469, 0.002376, 0.002344
578, 0.002465, 0.002366, 0.002337
579, 0.002470, 0.002375, 0.002344
580, 0.002466, 0.002371, 0.002340
581, 0.002467, 0.002366, 0.002337
582, 0.002465, 0.002372, 0.002341
583, 0.002466, 0.002374, 0.002342
584, 0.002465, 0.002368, 0.002338
585, 0.002464, 0.002369, 0.002338
586, 0.002463, 0.002374, 0.002343
587, 0.002466, 0.002364, 0.002334
588, 0.002466, 0.002375, 0.002343
589, 0.002464, 0.002366, 0.002335
590, 0.002463, 0.002365, 0.002335
591, 0.002462, 0.002375, 0.002343
592, 0.002462, 0.002368, 0.002337
593, 0.002459, 0.002364, 0.002334
594, 0.002460, 0.002373, 0.002342
595, 0.002460, 0.002362, 0.002333
596, 0.002464, 0.002368, 0.002338
597, 0.002459, 0.002370, 0.002340
598, 0.002461, 0.002361, 0.002332
599, 0.002459, 0.002365, 0.002335
600, 0.002458, 0.002374, 0.002342
601, 0.002464, 0.002357, 0.002329
602, 0.002463, 0.002370, 0.002339
603, 0.002462, 0.002368, 0.002337
604, 0.002459, 0.002359, 0.002330
605, 0.002458, 0.002384, 0.002350
606, 0.002462, 0.002360, 0.002330
607, 0.002455, 0.002357, 0.002328
608, 0.002456, 0.002381, 0.002348
609, 0.002460, 0.002358, 0.002328
610, 0.002460, 0.002360, 0.002330
611, 0.002455, 0.002377, 0.002345
612, 0.002459, 0.002354, 0.002325
613, 0.002460, 0.002370, 0.002338
614, 0.002455, 0.002362, 0.002331
615, 0.002452, 0.002354, 0.002326
616, 0.002454, 0.002368, 0.002336
617, 0.002459, 0.002359, 0.002328
618, 0.002451, 0.002353, 0.002324
619, 0.002453, 0.002367, 0.002335
620, 0.002452, 0.002354, 0.002324
621, 0.002451, 0.002354, 0.002324
622, 0.002450, 0.002360, 0.002330
623, 0.002452, 0.002356, 0.002326
624, 0.002453, 0.002356, 0.002327
625, 0.002450, 0.002358, 0.002327
626, 0.002449, 0.002357, 0.002327
627, 0.002445, 0.002351, 0.002321
628, 0.002448, 0.002354, 0.002323
629, 0.002449, 0.002360, 0.002328
630, 0.002446, 0.002355, 0.002323
631, 0.002447, 0.002349, 0.002319
632, 0.002446, 0.002362, 0.002330
633, 0.002451, 0.002347, 0.002318
634, 0.002446, 0.002352, 0.002322
635, 0.002444, 0.002353, 0.002323
636, 0.002445, 0.002343, 0.002314
637, 0.002446, 0.002354, 0.002323
638, 0.002444, 0.002355, 0.002324
639, 0.002444, 0.002344, 0.002316
640, 0.002442, 0.002359, 0.002328
641, 0.002442, 0.002346, 0.002317
642, 0.002441, 0.002341, 0.002312
643, 0.002444, 0.002360, 0.002329
644, 0.002443, 0.002338, 0.002311
645, 0.002446, 0.002349, 0.002319
646, 0.002440, 0.002351, 0.002321
647, 0.002438, 0.002339, 0.002311
648, 0.002441, 0.002349, 0.002318
649, 0.002436, 0.002345, 0.002314
650, 0.002440, 0.002338, 0.002308
651, 0.002437, 0.002342, 0.002311
652, 0.002438, 0.002344, 0.002313
653, 0.002433, 0.002338, 0.002308
654, 0.002433, 0.002343, 0.002312
655, 0.002435, 0.002336, 0.002307
656, 0.002434, 0.002341, 0.002310
657, 0.002431, 0.002337, 0.002307
658, 0.002433, 0.002337, 0.002307
659, 0.002432, 0.002345, 0.002314
660, 0.002432, 0.002330, 0.002301
661, 0.002432, 0.002337, 0.002307
662, 0.002430, 0.002333, 0.002303
663, 0.002429, 0.002334, 0.002304
664, 0.002431, 0.002334, 0.002304
665, 0.002431, 0.002334, 0.002304
666, 0.002427, 0.002332, 0.002303
667, 0.002430, 0.002332, 0.002302
668, 0.002423, 0.002329, 0.002299
669, 0.002422, 0.002331, 0.002301
670, 0.002424, 0.002328, 0.002298
671, 0.002424, 0.002332, 0.002302
672, 0.002422, 0.002324, 0.002294
673, 0.002422, 0.002334, 0.002303
674, 0.002426, 0.002321, 0.002291
675, 0.002421, 0.002323, 0.002294
676, 0.002421, 0.002329, 0.002299
677, 0.002420, 0.002319, 0.002291
678, 0.002421, 0.002334, 0.002304
679, 0.002421, 0.002318, 0.002291
680, 0.002419, 0.002324, 0.002295
681, 0.002418, 0.002323, 0.002293
682, 0.002420, 0.002314, 0.002285
683, 0.002417, 0.002320, 0.002291
684, 0.002416, 0.002313, 0.002284
685, 0.002413, 0.002321, 0.002291
686, 0.002415, 0.002323, 0.002292
687, 0.002410, 0.002307, 0.002280
688, 0.002413, 0.002327, 0.002296
689, 0.002414, 0.002313, 0.002283
690, 0.002409, 0.002304, 0.002276
691, 0.002410, 0.002328, 0.002297
692, 0.002415, 0.002302, 0.002274
693, 0.002410, 0.002318, 0.002288
694, 0.002405, 0.002307, 0.002278
695, 0.002407, 0.002300, 0.002272
696, 0.002402, 0.002316, 0.002285
697, 0.002409, 0.002296, 0.002268
698, 0.002402, 0.002317, 0.002286
699, 0.002403, 0.002302, 0.002272
700, 0.002400, 0.002298, 0.002269
701, 0.002401, 0.002308, 0.002277
702, 0.002398, 0.002291, 0.002263
703, 0.002397, 0.002309, 0.002279
704, 0.002398, 0.002293, 0.002264
705, 0.002394, 0.002291, 0.002262
706, 0.002397, 0.002305, 0.002274
707, 0.002395, 0.002284, 0.002257
708, 0.002392, 0.002297, 0.002266
709, 0.002389, 0.002292, 0.002262
710, 0.002388, 0.002279, 0.002252
711, 0.002391, 0.002311, 0.002279
712, 0.002394, 0.002278, 0.002251
713, 0.002386, 0.002285, 0.002256
714, 0.002385, 0.002286, 0.002257
715, 0.002380, 0.002276, 0.002247
716, 0.002379, 0.002280, 0.002251
717, 0.002378, 0.002281, 0.002252
718, 0.002379, 0.002271, 0.002243
719, 0.002380, 0.002280, 0.002250
720, 0.002375, 0.002276, 0.002247
721, 0.002376, 0.002268, 0.002240
722, 0.002371, 0.002272, 0.002243
723, 0.002369, 0.002268, 0.002239
724, 0.002373, 0.002263, 0.002234
725, 0.002368, 0.002261, 0.002233
726, 0.002367, 0.002272, 0.002242
727, 0.002365, 0.002255, 0.002228
728, 0.002366, 0.002267, 0.002237
729, 0.002363, 0.002256, 0.002228
730, 0.002364, 0.002251, 0.002223
731, 0.002357, 0.002263, 0.002233
732, 0.002362, 0.002247, 0.002219
733, 0.002358, 0.002254, 0.002224
734, 0.002353, 0.002254, 0.002224
735, 0.002352, 0.002240, 0.002212
736, 0.002355, 0.002257, 0.002226
737, 0.002354, 0.002236, 0.002208
738, 0.002348, 0.002238, 0.002210
739, 0.002342, 0.002247, 0.002218
740, 0.002346, 0.002230, 0.002203
741, 0.002345, 0.002243, 0.002214
742, 0.002343, 0.002228, 0.002200
743, 0.002340, 0.002226, 0.002198
744, 0.002339, 0.002237, 0.002207
745, 0.002339, 0.002217, 0.002190
746, 0.002337, 0.002239, 0.002208
747, 0.002336, 0.002216, 0.002188
748, 0.002328, 0.002215, 0.002187
749, 0.002327, 0.002221, 0.002192
750, 0.002324, 0.002208, 0.002180
751, 0.002321, 0.002212, 0.002183
752, 0.002319, 0.002213, 0.002183
753, 0.002319, 0.002200, 0.002173
754, 0.002317, 0.002210, 0.002181
755, 0.002313, 0.002201, 0.002173
756, 0.002311, 0.002194, 0.002167
757, 0.002309, 0.002204, 0.002176
758, 0.002315, 0.002186, 0.002160
759, 0.002308, 0.002202, 0.002173
760, 0.002307, 0.002182, 0.002154
761, 0.002301, 0.002189, 0.002159
762, 0.002298, 0.002187, 0.002157
763, 0.002296, 0.002170, 0.002144
764, 0.002300, 0.002209, 0.002177
765, 0.002303, 0.002164, 0.002138
766, 0.002292, 0.002167, 0.002139
767, 0.002287, 0.002188, 0.002158
768, 0.002288, 0.002155, 0.002130
769, 0.002288, 0.002181, 0.002152
770, 0.002283, 0.002150, 0.002124
771, 0.002274, 0.002158, 0.002130
772, 0.002270, 0.002154, 0.002126
773, 0.002267, 0.002142, 0.002114
774, 0.002268, 0.002150, 0.002120
775, 0.002264, 0.002137, 0.002108
776, 0.002261, 0.002138, 0.002109
777, 0.002258, 0.002130, 0.002102
778, 0.002251, 0.002136, 0.002106
779, 0.002253, 0.002123, 0.002095
780, 0.002246, 0.002124, 0.002096
781, 0.002247, 0.002119, 0.002091
782, 0.002243, 0.002115, 0.002087
783, 0.002239, 0.002113, 0.002085
784, 0.002232, 0.002106, 0.002079
785, 0.002231, 0.002105, 0.002077
786, 0.002226, 0.002095, 0.002068
787, 0.002221, 0.002096, 0.002067
788, 0.002216, 0.002099, 0.002069
789, 0.002218, 0.002082, 0.002055
790, 0.002216, 0.002084, 0.002055
791, 0.002212, 0.002088, 0.002059
792, 0.002208, 0.002069, 0.002044
793, 0.002212, 0.002114, 0.002084
794, 0.002216, 0.002060, 0.002035
795, 0.002205, 0.002073, 0.002044
796, 0.002196, 0.002059, 0.002031
797, 0.002185, 0.002049, 0.002021
798, 0.002183, 0.002055, 0.002026
799, 0.002179, 0.002040, 0.002013
800, 0.002175, 0.002042, 0.002014
801, 0.002173, 0.002030, 0.002003
802, 0.002169, 0.002034, 0.002005
803, 0.002161, 0.002021, 0.001994
804, 0.002157, 0.002016, 0.001989
805, 0.002155, 0.002024, 0.001995
806, 0.002149, 0.002008, 0.001981
807, 0.002146, 0.002014, 0.001985
808, 0.002143, 0.001995, 0.001968
809, 0.002135, 0.002000, 0.001972
810, 0.002132, 0.001986, 0.001959
811, 0.002125, 0.001986, 0.001959
812, 0.002125, 0.001983, 0.001956
813, 0.002116, 0.001969, 0.001943
814, 0.002117, 0.001988, 0.001958
815, 0.002115, 0.001957, 0.001931
816, 0.002114, 0.001978, 0.001949
817, 0.002106, 0.001945, 0.001920
818, 0.002096, 0.001949, 0.001921
819, 0.002086, 0.001942, 0.001914
820, 0.002085, 0.001928, 0.001902
821, 0.002076, 0.001945, 0.001916
822, 0.002076, 0.001918, 0.001893
823, 0.002076, 0.001940, 0.001910
824, 0.002068, 0.001905, 0.001879
825, 0.002058, 0.001904, 0.001877
826, 0.002049, 0.001911, 0.001881
827, 0.002048, 0.001887, 0.001861
828, 0.002051, 0.001927, 0.001896
829, 0.002051, 0.001883, 0.001861
830, 0.002047, 0.001900, 0.001870
831, 0.002033, 0.001864, 0.001837
832, 0.002020, 0.001859, 0.001834
833, 0.002020, 0.001896, 0.001866
834, 0.002029, 0.001849, 0.001826
835, 0.002025, 0.001884, 0.001853
836, 0.002015, 0.001830, 0.001806
837, 0.002000, 0.001837, 0.001809
838, 0.001983, 0.001826, 0.001799
839, 0.001976, 0.001809, 0.001784
840, 0.001975, 0.001833, 0.001804
841, 0.001975, 0.001794, 0.001769
842, 0.001969, 0.001810, 0.001782
843, 0.001960, 0.001782, 0.001756
844, 0.001948, 0.001780, 0.001753
845, 0.001938, 0.001777, 0.001750
846, 0.001934, 0.001760, 0.001734
847, 0.001929, 0.001753, 0.001728
848, 0.001920, 0.001752, 0.001726
849, 0.001913, 0.001743, 0.001717
850, 0.001906, 0.001732, 0.001706
851, 0.001897, 0.001727, 0.001702
852, 0.001894, 0.001721, 0.001694
853, 0.001886, 0.001710, 0.001684
854, 0.001880, 0.001709, 0.001683
855, 0.001872, 0.001693, 0.001668
856, 0.001868, 0.001688, 0.001661
857, 0.001857, 0.001684, 0.001658
858, 0.001850, 0.001670, 0.001645
859, 0.001849, 0.001670, 0.001643
860, 0.001842, 0.001655, 0.001630
861, 0.001830, 0.001654, 0.001628
862, 0.001826, 0.001639, 0.001614
863, 0.001817, 0.001632, 0.001607
864, 0.001811, 0.001626, 0.001601
865, 0.001803, 0.001616, 0.001591
866, 0.001795, 0.001612, 0.001586
867, 0.001786, 0.001604, 0.001578
868, 0.001782, 0.001591, 0.001567
869, 0.001774, 0.001586, 0.001560
870, 0.001769, 0.001577, 0.001553
871, 0.001759, 0.001569, 0.001545
872, 0.001751, 0.001561, 0.001535
873, 0.001745, 0.001547, 0.001523
874, 0.001739, 0.001559, 0.001534
875, 0.001732, 0.001532, 0.001510
876, 0.001730, 0.001557, 0.001529
877, 0.001721, 0.001516, 0.001495
878, 0.001713, 0.001518, 0.001493
879, 0.001699, 0.001503, 0.001478
880, 0.001692, 0.001490, 0.001469
881, 0.001685, 0.001504, 0.001479
882, 0.001680, 0.001472, 0.001450
883, 0.001678, 0.001487, 0.001462
884, 0.001662, 0.001457, 0.001436
885, 0.001654, 0.001449, 0.001425
886, 0.001646, 0.001454, 0.001429
887, 0.001638, 0.001430, 0.001409
888, 0.001633, 0.001451, 0.001424
889, 0.001627, 0.001417, 0.001398
890, 0.001622, 0.001435, 0.001411
891, 0.001611, 0.001394, 0.001374
892, 0.001598, 0.001401, 0.001377
893, 0.001588, 0.001381, 0.001360
894, 0.001582, 0.001373, 0.001353
895, 0.001572, 0.001383, 0.001358
896, 0.001571, 0.001353, 0.001336
897, 0.001565, 0.001386, 0.001362
898, 0.001557, 0.001339, 0.001321
899, 0.001552, 0.001362, 0.001338
900, 0.001541, 0.001324, 0.001306
901, 0.001526, 0.001321, 0.001297
902, 0.001514, 0.001306, 0.001285
903, 0.001501, 0.001295, 0.001278
904, 0.001494, 0.001300, 0.001277
905, 0.001490, 0.001279, 0.001261
906, 0.001486, 0.001294, 0.001272
907, 0.001474, 0.001258, 0.001240
908, 0.001468, 0.001275, 0.001252
909, 0.001456, 0.001246, 0.001228
910, 0.001448, 0.001243, 0.001223
911, 0.001432, 0.001248, 0.001227
912, 0.001428, 0.001220, 0.001206
913, 0.001429, 0.001263, 0.001240
914, 0.001432, 0.001219, 0.001206
915, 0.001433, 0.001282, 0.001257
916, 0.001436, 0.001202, 0.001190
917, 0.001416, 0.001225, 0.001202
918, 0.001395, 0.001168, 0.001151
919, 0.001372, 0.001176, 0.001157
920, 0.001356, 0.001160, 0.001138
921, 0.001351, 0.001142, 0.001127
922, 0.001343, 0.001183, 0.001164
923, 0.001351, 0.001137, 0.001119
924, 0.001350, 0.001166, 0.001147
925, 0.001332, 0.001113, 0.001092
926, 0.001306, 0.001101, 0.001083
927, 0.001296, 0.001130, 0.001109
928, 0.001298, 0.001086, 0.001066
929, 0.001293, 0.001095, 0.001074
930, 0.001272, 0.001071, 0.001052
931, 0.001259, 0.001059, 0.001039
932, 0.001256, 0.001072, 0.001053
933, 0.001246, 0.001042, 0.001023
934, 0.001241, 0.001047, 0.001028
935, 0.001229, 0.001038, 0.001018
936, 0.001223, 0.001019, 0.001000
937, 0.001217, 0.001048, 0.001026
938, 0.001213, 0.001003, 0.000986
939, 0.001210, 0.001035, 0.001014
940, 0.001199, 0.000991, 0.000976
941, 0.001185, 0.000978, 0.000958
942, 0.001167, 0.000999, 0.000979
943, 0.001171, 0.000970, 0.000954
944, 0.001172, 0.001003, 0.000978
945, 0.001159, 0.000950, 0.000934
946, 0.001140, 0.000947, 0.000922
947, 0.001137, 0.000986, 0.000972
948, 0.001151, 0.000952, 0.000929
949, 0.001156, 0.000992, 0.000977
950, 0.001149, 0.000913, 0.000889
951, 0.001112, 0.000917, 0.000900
952, 0.001090, 0.000913, 0.000888
953, 0.001094, 0.000907, 0.000892
954, 0.001097, 0.000941, 0.000916
955, 0.001109, 0.000905, 0.000891
956, 0.001091, 0.000890, 0.000862
957, 0.001080, 0.000911, 0.000900
958, 0.001079, 0.000873, 0.000847
959, 0.001092, 0.000914, 0.000902
960, 0.001079, 0.000834, 0.000813
961, 0.001030, 0.000817, 0.000802
962, 0.001016, 0.000885, 0.000867
963, 0.001032, 0.000825, 0.000803
964, 0.001027, 0.000830, 0.000817
965, 0.001003, 0.000833, 0.000808
966, 0.001001, 0.000837, 0.000827
967, 0.001031, 0.000925, 0.000895
968, 0.001092, 0.000963, 0.000964
969, 0.001127, 0.000924, 0.000889
970, 0.001126, 0.000856, 0.000841
971, 0.001019, 0.000748, 0.000737
972, 0.000965, 0.000784, 0.000765
973, 0.001007, 0.000790, 0.000777
974, 0.000978, 0.000717, 0.000703
975, 0.000940, 0.000739, 0.000719
976, 0.000956, 0.000773, 0.000768
977, 0.000965, 0.000742, 0.000721
978, 0.000939, 0.000713, 0.000698
979, 0.000913, 0.000731, 0.000725
980, 0.000921, 0.000763, 0.000739
981, 0.000945, 0.000752, 0.000749
982, 0.000945, 0.000729, 0.000710
983, 0.000910, 0.000723, 0.000704
984, 0.000901, 0.000707, 0.000700
985, 0.000914, 0.000729, 0.000709
986, 0.000895, 0.000657, 0.000643
987, 0.000862, 0.000659, 0.000650
988, 0.000866, 0.000709, 0.000692
989, 0.000888, 0.000668, 0.000654
990, 0.000890, 0.000695, 0.000685
991, 0.000883, 0.000655, 0.000637
992, 0.000858, 0.000628, 0.000618
993, 0.000836, 0.000631, 0.000616
994, 0.000825, 0.000635, 0.000619
995, 0.000835, 0.000652, 0.000643
996, 0.000854, 0.000627, 0.000611
997, 0.000836, 0.000617, 0.000607
998, 0.000814, 0.000593, 0.000582
999, 0.000803, 0.000598, 0.000585
1000, 0.000803, 0.000617, 0.000609
1001, 0.000810, 0.000590, 0.000577
1002, 0.000810, 0.000612, 0.000602
1003, 0.000804, 0.000576, 0.000564
1004, 0.000788, 0.000569, 0.000558
1005, 0.000779, 0.000574, 0.000562
1006, 0.000772, 0.000564, 0.000553
1007, 0.000772, 0.000564, 0.000553
1008, 0.000773, 0.000565, 0.000552
1009, 0.000770, 0.000562, 0.000555
1010, 0.000764, 0.000544, 0.000532
1011, 0.000757, 0.000551, 0.000541
1012, 0.000751, 0.000539, 0.000533
1013, 0.000749, 0.000538, 0.000525
1014, 0.000757, 0.000552, 0.000545
1015, 0.000749, 0.000521, 0.000511
1016, 0.000736, 0.000526, 0.000514
1017, 0.000730, 0.000523, 0.000515
1018, 0.000730, 0.000509, 0.000498
1019, 0.000730, 0.000532, 0.000524
1020, 0.000732, 0.000507, 0.000497
1021, 0.000727, 0.000506, 0.000497
1022, 0.000719, 0.000502, 0.000492
1023, 0.000711, 0.000498, 0.000488
1024, 0.000712, 0.000499, 0.000490
1025, 0.000716, 0.000496, 0.000485
1026, 0.000707, 0.000488, 0.000478
1027, 0.000702, 0.000486, 0.000477
1028, 0.000700, 0.000482, 0.000474
1029, 0.000696, 0.000476, 0.000466
1030, 0.000693, 0.000481, 0.000475
1031, 0.000694, 0.000474, 0.000465
1032, 0.000688, 0.000471, 0.000462
1033, 0.000688, 0.000470, 0.000463
1034, 0.000687, 0.000470, 0.000460
1035, 0.000683, 0.000457, 0.000450
1036, 0.000680, 0.000468, 0.000459
1037, 0.000678, 0.000455, 0.000445
1038, 0.000675, 0.000449, 0.000443
1039, 0.000677, 0.000467, 0.000458
1040, 0.000674, 0.000445, 0.000438
1041, 0.000664, 0.000445, 0.000440
1042, 0.000668, 0.000464, 0.000454
1043, 0.000673, 0.000437, 0.000432
1044, 0.000667, 0.000446, 0.000439
1045, 0.000659, 0.000449, 0.000440
1046, 0.000661, 0.000433, 0.000428
1047, 0.000662, 0.000441, 0.000432
1048, 0.000655, 0.000439, 0.000431
1049, 0.000651, 0.000428, 0.000422
1050, 0.000657, 0.000440, 0.000429
1051, 0.000657, 0.000430, 0.000424
1052, 0.000646, 0.000416, 0.000411
1053, 0.000646, 0.000442, 0.000432
1054, 0.000651, 0.000430, 0.000426
1055, 0.000653, 0.000419, 0.000410
1056, 0.000642, 0.000423, 0.000417
1057, 0.000638, 0.000407, 0.000402
1058, 0.000638, 0.000420, 0.000410
1059, 0.000637, 0.000425, 0.000420
1060, 0.000638, 0.000406, 0.000398
1061, 0.000634, 0.000405, 0.000398
1062, 0.000630, 0.000414, 0.000408
1063, 0.000629, 0.000403, 0.000395
1064, 0.000629, 0.000401, 0.000395
1065, 0.000622, 0.000403, 0.000395
1066, 0.000622, 0.000391, 0.000384
1067, 0.000625, 0.000411, 0.000404
1068, 0.000623, 0.000393, 0.000386
1069, 0.000616, 0.000386, 0.000380
1070, 0.000616, 0.000408, 0.000400
1071, 0.000616, 0.000381, 0.000375
1072, 0.000615, 0.000389, 0.000384
1073, 0.000611, 0.000399, 0.000392
1074, 0.000612, 0.000378, 0.000373
1075, 0.000612, 0.000386, 0.000379
1076, 0.000608, 0.000390, 0.000382
1077, 0.000609, 0.000386, 0.000380
1078, 0.000611, 0.000381, 0.000374
1079, 0.000606, 0.000389, 0.000383
1080, 0.000604, 0.000372, 0.000367
1081, 0.000604, 0.000382, 0.000377
1082, 0.000601, 0.000375, 0.000371
1083, 0.000598, 0.000369, 0.000362
1084, 0.000599, 0.000374, 0.000368
1085, 0.000597, 0.000368, 0.000362
1086, 0.000595, 0.000371, 0.000363
1087, 0.000598, 0.000372, 0.000367
1088, 0.000599, 0.000363, 0.000357
1089, 0.000594, 0.000374, 0.000367
1090, 0.000591, 0.000369, 0.000365
1091, 0.000593, 0.000365, 0.000360
1092, 0.000591, 0.000363, 0.000356
1093, 0.000591, 0.000367, 0.000363
1094, 0.000588, 0.000371, 0.000363
1095, 0.000588, 0.000352, 0.000346
1096, 0.000587, 0.000365, 0.000359
1097, 0.000584, 0.000363, 0.000356
1098, 0.000583, 0.000351, 0.000347
1099, 0.000586, 0.000371, 0.000367
1100, 0.000584, 0.000356, 0.000350
1101, 0.000582, 0.000345, 0.000342
1102, 0.000581, 0.000377, 0.000373
1103, 0.000586, 0.000341, 0.000336
1104, 0.000585, 0.000365, 0.000359
1105, 0.000582, 0.000351, 0.000347
1106, 0.000576, 0.000349, 0.000342
1107, 0.000577, 0.000354, 0.000349
1108, 0.000576, 0.000348, 0.000343
1109, 0.000573, 0.000344, 0.000337
1110, 0.000574, 0.000357, 0.000354
1111, 0.000572, 0.000344, 0.000340
1112, 0.000571, 0.000342, 0.000336
1113, 0.000571, 0.000349, 0.000345
1114, 0.000569, 0.000342, 0.000337
1115, 0.000567, 0.000340, 0.000334
1116, 0.000567, 0.000350, 0.000346
1117, 0.000567, 0.000332, 0.000327
1118, 0.000566, 0.000345, 0.000339
1119, 0.000567, 0.000341, 0.000338
1120, 0.000568, 0.000345, 0.000338
1121, 0.000567, 0.000330, 0.000326
1122, 0.000567, 0.000340, 0.000335
1123, 0.000564, 0.000341, 0.000336
1124, 0.000562, 0.000332, 0.000331
1125, 0.000569, 0.000357, 0.000349
1126, 0.000567, 0.000326, 0.000322
1127, 0.000563, 0.000349, 0.000345
1128, 0.000561, 0.000333, 0.000326
1129, 0.000565, 0.000330, 0.000326
1130, 0.000558, 0.000347, 0.000342
1131, 0.000558, 0.000324, 0.000319
1132, 0.000564, 0.000354, 0.000350
1133, 0.000560, 0.000321, 0.000317
1134, 0.000556, 0.000329, 0.000323
1135, 0.000556, 0.000342, 0.000339
1136, 0.000556, 0.000320, 0.000315
1137, 0.000555, 0.000333, 0.000327
1138, 0.000553, 0.000343, 0.000341
1139, 0.000560, 0.000319, 0.000313
1140, 0.000556, 0.000342, 0.000337
1141, 0.000555, 0.000318, 0.000316
1142, 0.000555, 0.000323, 0.000317
1143, 0.000551, 0.000340, 0.000337
1144, 0.000553, 0.000315, 0.000313
1145, 0.000557, 0.000348, 0.000341
1146, 0.000559, 0.000325, 0.000324
1147, 0.000557, 0.000325, 0.000320
1148, 0.000548, 0.000321, 0.000317
1149, 0.000549, 0.000324, 0.000321
1150, 0.000549, 0.000327, 0.000321
1151, 0.000545, 0.000320, 0.000314
1152, 0.000547, 0.000327, 0.000325
1153, 0.000553, 0.000339, 0.000330
1154, 0.000550, 0.000309, 0.000304
1155, 0.000548, 0.000335, 0.000330
1156, 0.000547, 0.000318, 0.000311
1157, 0.000544, 0.000308, 0.000304
1158, 0.000545, 0.000343, 0.000339
1159, 0.000547, 0.000307, 0.000302
1160, 0.000545, 0.000325, 0.000320
1161, 0.000543, 0.000321, 0.000317
1162, 0.000542, 0.000306, 0.000301
1163, 0.000544, 0.000338, 0.000333
1164, 0.000546, 0.000310, 0.000308
1165, 0.000545, 0.000317, 0.000311
1166, 0.000545, 0.000328, 0.000324
1167, 0.000538, 0.000308, 0.000306
1168, 0.000549, 0.000343, 0.000336
1169, 0.000550, 0.000306, 0.000304
1170, 0.000544, 0.000327, 0.000323
1171, 0.000539, 0.000317, 0.000311
1172, 0.000539, 0.000303, 0.000300
1173, 0.000542, 0.000357, 0.000351
1174, 0.000550, 0.000302, 0.000298
1175, 0.000552, 0.000339, 0.000334
1176, 0.000541, 0.000309, 0.000305
1177, 0.000534, 0.000301, 0.000297
1178, 0.000538, 0.000346, 0.000341
1179, 0.000544, 0.000302, 0.000299
1180, 0.000542, 0.000324, 0.000317
1181, 0.000538, 0.000306, 0.000303
1182, 0.000534, 0.000305, 0.000301
1183, 0.000537, 0.000324, 0.000320
1184, 0.000538, 0.000298, 0.000295
1185, 0.000540, 0.000322, 0.000318
1186, 0.000537, 0.000308, 0.000305
1187, 0.000531, 0.000301, 0.000299
1188, 0.000533, 0.000332, 0.000327
1189, 0.000538, 0.000302, 0.000301
1190, 0.000533, 0.000305, 0.000301
1191, 0.000530, 0.000311, 0.000307
1192, 0.000530, 0.000306, 0.000304
1193, 0.000532, 0.000311, 0.000306
1194, 0.000531, 0.000299, 0.000296
1195, 0.000528, 0.000310, 0.000308
1196, 0.000529, 0.000312, 0.000307
1197, 0.000530, 0.000299, 0.000296
1198, 0.000530, 0.000313, 0.000310
1199, 0.000528, 0.000303, 0.000299
1200, 0.000525, 0.000303, 0.000301
1201, 0.000531, 0.000315, 0.000311
1202, 0.000528, 0.000294, 0.000291
1203, 0.000528, 0.000324, 0.000320
1204, 0.000533, 0.000295, 0.000291
1205, 0.000532, 0.000311, 0.000306
1206, 0.000525, 0.000302, 0.000298
1207, 0.000524, 0.000297, 0.000293
1208, 0.000525, 0.000313, 0.000308
1209, 0.000525, 0.000296, 0.000293
1210, 0.000526, 0.000302, 0.000298
1211, 0.000524, 0.000304, 0.000301
1212, 0.000522, 0.000293, 0.000290
1213, 0.000526, 0.000316, 0.000311
1214, 0.000527, 0.000294, 0.000292
1215, 0.000526, 0.000315, 0.000311
1216, 0.000527, 0.000305, 0.000301
1217, 0.000524, 0.000303, 0.000300
1218, 0.000524, 0.000303, 0.000299
1219, 0.000524, 0.000302, 0.000299
1220, 0.000527, 0.000316, 0.000313
1221, 0.000524, 0.000298, 0.000293
1222, 0.000524, 0.000304, 0.000300
1223, 0.000525, 0.000309, 0.000306
1224, 0.000525, 0.000295, 0.000290
1225, 0.000522, 0.000303, 0.000300
1226, 0.000521, 0.000301, 0.000298
1227, 0.000521, 0.000294, 0.000290
1228, 0.000522, 0.000315, 0.000312
1229, 0.000524, 0.000294, 0.000292
1230, 0.000523, 0.000298, 0.000292
1231, 0.000521, 0.000311, 0.000308
1232, 0.000520, 0.000290, 0.000288
1233, 0.000521, 0.000311, 0.000306
1234, 0.000523, 0.000297, 0.000295
1235, 0.000522, 0.000300, 0.000295
1236, 0.000518, 0.000299, 0.000295
1237, 0.000519, 0.000301, 0.000299
1238, 0.000521, 0.000310, 0.000303
1239, 0.000523, 0.000290, 0.000288
1240, 0.000522, 0.000323, 0.000319
1241, 0.000525, 0.000284, 0.000281
1242, 0.000525, 0.000323, 0.000320
1243, 0.000527, 0.000292, 0.000289
1244, 0.000521, 0.000295, 0.000292
1245, 0.000517, 0.000305, 0.000302
1246, 0.000517, 0.000296, 0.000291
1247, 0.000520, 0.000301, 0.000296
1248, 0.000515, 0.000296, 0.000293
1249, 0.000518, 0.000305, 0.000300
1250, 0.000519, 0.000292, 0.000290
1251, 0.000518, 0.000303, 0.000299
1252, 0.000516, 0.000292, 0.000288
1253, 0.000516, 0.000303, 0.000301
1254, 0.000518, 0.000293, 0.000289
1255, 0.000516, 0.000295, 0.000292
1256, 0.000517, 0.000300, 0.000297
1257, 0.000513, 0.000291, 0.000287
1258, 0.000514, 0.000297, 0.000294
1259, 0.000513, 0.000305, 0.000301
1260, 0.000514, 0.000285, 0.000282
1261, 0.000515, 0.000308, 0.000304
1262, 0.000515, 0.000294, 0.000292
1263, 0.000514, 0.000292, 0.000289
1264, 0.000514, 0.000309, 0.000305
1265, 0.000515, 0.000289, 0.000287
1266, 0.000515, 0.000307, 0.000302
1267, 0.000516, 0.000293, 0.000289
1268, 0.000514, 0.000300, 0.000298
1269, 0.000517, 0.000296, 0.000292
1270, 0.000512, 0.000292, 0.000288
1271, 0.000512, 0.000305, 0.000302
1272, 0.000515, 0.000285, 0.000281
1273, 0.000512, 0.000310, 0.000305
1274, 0.000512, 0.000290, 0.000288
1275, 0.000513, 0.000303, 0.000299
1276, 0.000513, 0.000294, 0.000291
1277, 0.000515, 0.000299, 0.000297
1278, 0.000514, 0.000292, 0.000289
1279, 0.000513, 0.000294, 0.000292
1280, 0.000511, 0.000303, 0.000299
1281, 0.000511, 0.000284, 0.000281
1282, 0.000512, 0.000304, 0.000300
1283, 0.000512, 0.000290, 0.000286
1284, 0.000508, 0.000286, 0.000282
1285, 0.000510, 0.000303, 0.000300
1286, 0.000511, 0.000282, 0.000279
1287, 0.000509, 0.000306, 0.000301
1288, 0.000512, 0.000290, 0.000288
1289, 0.000514, 0.000296, 0.000291
1290, 0.000509, 0.000292, 0.000288
1291, 0.000509, 0.000294, 0.000292
1292, 0.000508, 0.000300, 0.000296
1293, 0.000511, 0.000280, 0.000277
1294, 0.000512, 0.000313, 0.000309
1295, 0.000512, 0.000279, 0.000276
1296, 0.000510, 0.000310, 0.000306
1297, 0.000510, 0.000293, 0.000289
1298, 0.000509, 0.000291, 0.000286
1299, 0.000508, 0.000300, 0.000296
1300, 0.000508, 0.000289, 0.000285
1301, 0.000504, 0.000293, 0.000288
1302, 0.000507, 0.000298, 0.000295
1303, 0.000506, 0.000282, 0.000279
1304, 0.000510, 0.000303, 0.000298
1305, 0.000508, 0.000284, 0.000282
1306, 0.000509, 0.000299, 0.000295
1307, 0.000506, 0.000288, 0.000284
1308, 0.000506, 0.000288, 0.000285
1309, 0.000506, 0.000301, 0.000297
1310, 0.000506, 0.000286, 0.000282
1311, 0.000508, 0.000296, 0.000293
1312, 0.000504, 0.000286, 0.000282
1313, 0.000504, 0.000294, 0.000290
1314, 0.000506, 0.000296, 0.000293
1315, 0.000506, 0.000285, 0.000281
1316, 0.000502, 0.000302, 0.000298
1317, 0.000507, 0.000282, 0.000278
1318, 0.000507, 0.000311, 0.000307
1319, 0.000509, 0.000280, 0.000279
1320, 0.000514, 0.000327, 0.000323
1321, 0.000513, 0.000278, 0.000277
1322, 0.000513, 0.000319, 0.000314
1323, 0.000509, 0.000280, 0.000277
1324, 0.000503, 0.000291, 0.000288
1325, 0.000502, 0.000295, 0.000291
1326, 0.000504, 0.000285, 0.000281
1327, 0.000501, 0.000291, 0.000287
1328, 0.000505, 0.000290, 0.000287
1329, 0.000502, 0.000293, 0.000289
1330, 0.000502, 0.000288, 0.000284
1331, 0.000501, 0.000297, 0.000293
1332, 0.000504, 0.000285, 0.000281
1333, 0.000500, 0.000299, 0.000295
1334, 0.000502, 0.000283, 0.000280
1335, 0.000502, 0.000296, 0.000291
1336, 0.000501, 0.000285, 0.000282
1337, 0.000502, 0.000292, 0.000289
1338, 0.000504, 0.000287, 0.000283
1339, 0.000500, 0.000290, 0.000286
1340, 0.000501, 0.000291, 0.000287
1341, 0.000501, 0.000281, 0.000276
1342, 0.000505, 0.000301, 0.000296
1343, 0.000501, 0.000284, 0.000281
1344, 0.000503, 0.000293, 0.000288
1345, 0.000501, 0.000283, 0.000281
1346, 0.000500, 0.000294, 0.000292
1347, 0.000501, 0.000283, 0.000279
1348, 0.000500, 0.000295, 0.000291
1349, 0.000501, 0.000284, 0.000281
1350, 0.000500, 0.000293, 0.000289
1351, 0.000500, 0.000287, 0.000283
1352, 0.000500, 0.000288, 0.000285
1353, 0.000500, 0.000299, 0.000294
1354, 0.000503, 0.000277, 0.000275
1355, 0.000503, 0.000323, 0.000319
1356, 0.000509, 0.000273, 0.000271
1357, 0.000509, 0.000322, 0.000319
1358, 0.000508, 0.000272, 0.000270
1359, 0.000503, 0.000305, 0.000302
1360, 0.000501, 0.000283, 0.000281
1361, 0.000499, 0.000277, 0.000273
1362, 0.000500, 0.000316, 0.000311
1363, 0.000504, 0.000270, 0.000268
1364, 0.000509, 0.000331, 0.000325
1365, 0.000513, 0.000273, 0.000272
1366, 0.000509, 0.000320, 0.000315
1367, 0.000508, 0.000273, 0.000271
1368, 0.000503, 0.000296, 0.000294
1369, 0.000501, 0.000288, 0.000284
1370, 0.000500, 0.000276, 0.000273
1371, 0.000497, 0.000305, 0.000301
1372, 0.000500, 0.000277, 0.000272
1373, 0.000498, 0.000295, 0.000289
1374, 0.000498, 0.000284, 0.000280
1375, 0.000497, 0.000283, 0.000279
1376, 0.000496, 0.000291, 0.000287
1377, 0.000496, 0.000275, 0.000273
1378, 0.000498, 0.000297, 0.000293
1379, 0.000498, 0.000279, 0.000276
1380, 0.000496, 0.000280, 0.000276
1381, 0.000494, 0.000293, 0.000289
1382, 0.000495, 0.000278, 0.000274
1383, 0.000495, 0.000295, 0.000291
1384, 0.000497, 0.000276, 0.000273
1385, 0.000497, 0.000286, 0.000281
1386, 0.000494, 0.000285, 0.000282
1387, 0.000497, 0.000278, 0.000274
1388, 0.000496, 0.000302, 0.000297
1389, 0.000497, 0.000274, 0.000271
1390, 0.000497, 0.000305, 0.000300
1391, 0.000497, 0.000274, 0.000271
1392, 0.000497, 0.000295, 0.000291
1393, 0.000494, 0.000275, 0.000271
1394, 0.000492, 0.000288, 0.000284
1395, 0.000493, 0.000287, 0.000283
1396, 0.000492, 0.000279, 0.000276
1397, 0.000495, 0.000291, 0.000287
1398, 0.000493, 0.000278, 0.000274
1399, 0.000494, 0.000292, 0.000288
1400, 0.000493, 0.000279, 0.000275
1401, 0.000491, 0.000282, 0.000277
1402, 0.000493, 0.000292, 0.000288
1403, 0.000494, 0.000275, 0.000272
1404, 0.000492, 0.000297, 0.000292
1405, 0.000494, 0.000275, 0.000272
1406, 0.000493, 0.000289, 0.000285
1407, 0.000491, 0.000284, 0.000280
1408, 0.000489, 0.000280, 0.000278
1409, 0.000494, 0.000304, 0.000299
1410, 0.000497, 0.000268, 0.000266
1411, 0.000496, 0.000323, 0.000318
1412, 0.000500, 0.000267, 0.000264
1413, 0.000500, 0.000298, 0.000293
1414, 0.000490, 0.000283, 0.000280
1415, 0.000493, 0.000272, 0.000267
1416, 0.000493, 0.000306, 0.000301
1417, 0.000495, 0.000269, 0.000267
1418, 0.000497, 0.000312, 0.000306
1419, 0.000500, 0.000274, 0.000271
1420, 0.000496, 0.000296, 0.000291
1421, 0.000489, 0.000283, 0.000277
1422, 0.000492, 0.000275, 0.000273
1423, 0.000492, 0.000304, 0.000298
1424, 0.000494, 0.000267, 0.000263
1425, 0.000495, 0.000303, 0.000298
1426, 0.000493, 0.000275, 0.000271
1427, 0.000486, 0.000277, 0.000272
1428, 0.000489, 0.000300, 0.000296
1429, 0.000491, 0.000266, 0.000263
1430, 0.000495, 0.000317, 0.000310
1431, 0.000498, 0.000269, 0.000267
1432, 0.000497, 0.000299, 0.000293
1433, 0.000493, 0.000279, 0.000275
1434, 0.000488, 0.000274, 0.000271
1435, 0.000492, 0.000309, 0.000303
1436, 0.000493, 0.000264, 0.000261
1437, 0.000501, 0.000331, 0.000325
1438, 0.000502, 0.000264, 0.000261
1439, 0.000497, 0.000292, 0.000287
1440, 0.000491, 0.000289, 0.000285
1441, 0.000488, 0.000266, 0.000262
1442, 0.000493, 0.000316, 0.000310
1443, 0.000497, 0.000265, 0.000263
1444, 0.000499, 0.000301, 0.000296
1445, 0.000490, 0.000272, 0.000268
1446, 0.000485, 0.000270, 0.000267
1447, 0.000489, 0.000310, 0.000305
1448, 0.000492, 0.000263, 0.000261
1449, 0.000496, 0.000307, 0.000302
1450, 0.000490, 0.000274, 0.000270
1451, 0.000488, 0.000269, 0.000265
1452, 0.000488, 0.000316, 0.000312
1453, 0.000496, 0.000264, 0.000261
1454, 0.000496, 0.000307, 0.000301
1455, 0.000492, 0.000273, 0.000271
1456, 0.000488, 0.000271, 0.000266
1457, 0.000484, 0.000291, 0.000286
1458, 0.000487, 0.000268, 0.000266
1459, 0.000492, 0.000305, 0.000298
1460, 0.000492, 0.000266, 0.000262
1461, 0.000485, 0.000280, 0.000277
1462, 0.000483, 0.000286, 0.000280
1463, 0.000485, 0.000262, 0.000258
1464, 0.000490, 0.000304, 0.000299
1465, 0.000491, 0.000265, 0.000261
1466, 0.000488, 0.000278, 0.000274
1467, 0.000484, 0.000288, 0.000284
1468, 0.000487, 0.000263, 0.000259
1469, 0.000489, 0.000309, 0.000304
1470, 0.000495, 0.000265, 0.000261
1471, 0.000491, 0.000286, 0.000282
1472, 0.000484, 0.000279, 0.000275
1473, 0.000484, 0.000270, 0.000266
1474, 0.000484, 0.000302, 0.000296
1475, 0.000490, 0.000262, 0.000259
1476, 0.000493, 0.000316, 0.000308
1477, 0.000495, 0.000263, 0.000259
1478, 0.000486, 0.000281, 0.000276
1479, 0.000484, 0.000290, 0.000284
1480, 0.000486, 0.000262, 0.000259
1481, 0.000488, 0.000311, 0.000306
1482, 0.000490, 0.000264, 0.000260
1483, 0.000484, 0.000271, 0.000267
1484, 0.000480, 0.000299, 0.000294
1485, 0.000487, 0.000262, 0.000258
1486, 0.000487, 0.000294, 0.000288
1487, 0.000482, 0.000275, 0.000271
1488, 0.000482, 0.000267, 0.000262
1489, 0.000481, 0.000286, 0.000279
1490, 0.000484, 0.000271, 0.000268
1491, 0.000481, 0.000272, 0.000268
1492, 0.000478, 0.000279, 0.000274
1493, 0.000479, 0.000273, 0.000270
1494, 0.000478, 0.000274, 0.000270
1495, 0.000478, 0.000279, 0.000274
1496, 0.000478, 0.000267, 0.000265
1497, 0.000483, 0.000290, 0.000285
1498, 0.000482, 0.000262, 0.000258
1499, 0.000480, 0.000287, 0.000282
1500, 0.000479, 0.000273, 0.000267
1501, 0.000478, 0.000269, 0.000264
1502, 0.000478, 0.000286, 0.000281
1503, 0.000478, 0.000268, 0.000263
1504, 0.000479, 0.000271, 0.000266
1505, 0.000476, 0.000284, 0.000279
1506, 0.000481, 0.000268, 0.000263
1507, 0.000478, 0.000276, 0.000271
1508, 0.000475, 0.000279, 0.000275
1509, 0.000477, 0.000268, 0.000262
1510, 0.000477, 0.000281, 0.000275
1511, 0.000476, 0.000272, 0.000268
1512, 0.000478, 0.000270, 0.000265
1513, 0.000476, 0.000279, 0.000273
1514, 0.000477, 0.000269, 0.000265
1515, 0.000478, 0.000277, 0.000272
1516, 0.000474, 0.000273, 0.000268
1517, 0.000475, 0.000270, 0.000266
1518, 0.000476, 0.000281, 0.000277
1519, 0.000474, 0.000269, 0.000264
1520, 0.000477, 0.000281, 0.000276
1521, 0.000475, 0.000270, 0.000265
1522, 0.000474, 0.000272, 0.000266
1523, 0.000474, 0.000277, 0.000272
1524, 0.000479, 0.000270, 0.000264
1525, 0.000475, 0.000277, 0.000271
1526, 0.000474, 0.000268, 0.000264
1527, 0.000477, 0.000287, 0.000281
1528, 0.000478, 0.000260, 0.000256
1529, 0.000476, 0.000282, 0.000277
1530, 0.000476, 0.000269, 0.000264
1531, 0.000475, 0.000267, 0.000263
1532, 0.000474, 0.000286, 0.000282
1533, 0.000474, 0.000266, 0.000261
1534, 0.000476, 0.000286, 0.000282
1535, 0.000474, 0.000267, 0.000263
1536, 0.000471, 0.000273, 0.000267
1537, 0.000474, 0.000284, 0.000279
1538, 0.000474, 0.000260, 0.000256
1539, 0.000472, 0.000290, 0.000282
1540, 0.000476, 0.000264, 0.000260
1541, 0.000475, 0.000283, 0.000277
1542, 0.000474, 0.000266, 0.000261
1543, 0.000471, 0.000274, 0.000270
1544, 0.000470, 0.000272, 0.000267
1545, 0.000473, 0.000268, 0.000264
1546, 0.000473, 0.000274, 0.000271
1547, 0.000472, 0.000275, 0.000271
1548, 0.000473, 0.000265, 0.000260
1549, 0.000470, 0.000293, 0.000288
1550, 0.000475, 0.000258, 0.000254
1551, 0.000476, 0.000294, 0.000287
1552, 0.000475, 0.000266, 0.000262
1553, 0.000471, 0.000266, 0.000261
1554, 0.000471, 0.000293, 0.000286
1555, 0.000475, 0.000257, 0.000254
1556, 0.000476, 0.000308, 0.000301
1557, 0.000481, 0.000258, 0.000253
1558, 0.000473, 0.000277, 0.000272
1559, 0.000470, 0.000272, 0.000267
1560, 0.000470, 0.000265, 0.000260
1561, 0.000469, 0.000274, 0.000269
1562, 0.000470, 0.000268, 0.000264
1563, 0.000467, 0.000266, 0.000261
1564, 0.000466, 0.000276, 0.000271
1565, 0.000466, 0.000260, 0.000255
1566, 0.000468, 0.000283, 0.000277
1567, 0.000473, 0.000263, 0.000259
1568, 0.000470, 0.000279, 0.000273
1569, 0.000469, 0.000264, 0.000259
1570, 0.000470, 0.000287, 0.000281
1571, 0.000471, 0.000259, 0.000254
1572, 0.000471, 0.000288, 0.000282
1573, 0.000470, 0.000259, 0.000255
1574, 0.000470, 0.000281, 0.000275
1575, 0.000466, 0.000262, 0.000257
1576, 0.000467, 0.000271, 0.000266
1577, 0.000467, 0.000271, 0.000265
1578, 0.000464, 0.000259, 0.000253
1579, 0.000471, 0.000291, 0.000286
1580, 0.000473, 0.000255, 0.000250
1581, 0.000471, 0.000288, 0.000281
1582, 0.000469, 0.000260, 0.000257
1583, 0.000470, 0.000283, 0.000277
1584, 0.000468, 0.000265, 0.000260
1585, 0.000466, 0.000264, 0.000258
1586, 0.000465, 0.000282, 0.000275
1587, 0.000468, 0.000261, 0.000255
1588, 0.000465, 0.000265, 0.000261
1589, 0.000466, 0.000294, 0.000287
1590, 0.000470, 0.000252, 0.000247
1591, 0.000475, 0.000326, 0.000319
1592, 0.000483, 0.000248, 0.000245
1593, 0.000481, 0.000299, 0.000292
1594, 0.000470, 0.000264, 0.000258
1595, 0.000464, 0.000253, 0.000248
1596, 0.000465, 0.000307, 0.000299
1597, 0.000473, 0.000250, 0.000246
1598, 0.000477, 0.000303, 0.000295
1599, 0.000473, 0.000252, 0.000246
1600, 0.000464, 0.000265, 0.000260
1601, 0.000464, 0.000281, 0.000275
1602, 0.000463, 0.000251, 0.000247
1603, 0.000469, 0.000299, 0.000292
1604, 0.000469, 0.000251, 0.000246
1605, 0.000465, 0.000267, 0.000261
1606, 0.000462, 0.000277, 0.000271
1607, 0.000463, 0.000248, 0.000242
1608, 0.000465, 0.000295, 0.000287
1609, 0.000468, 0.000256, 0.000252
1610, 0.000466, 0.000263, 0.000257
1611, 0.000461, 0.000275, 0.000268
1612, 0.000462, 0.000258, 0.000254
1613, 0.000462, 0.000266, 0.000259
1614, 0.000463, 0.000272, 0.000266
1615, 0.000459, 0.000257, 0.000252
1616, 0.000465, 0.000282, 0.000274
1617, 0.000463, 0.000252, 0.000247
1618, 0.000464, 0.000276, 0.000271
1619, 0.000462, 0.000261, 0.000255
1620, 0.000461, 0.000253, 0.000247
1621, 0.000462, 0.000304, 0.000297
1622, 0.000468, 0.000245, 0.000241
1623, 0.000471, 0.000293, 0.000285
1624, 0.000465, 0.000256, 0.000251
1625, 0.000462, 0.000255, 0.000250
1626, 0.000459, 0.000295, 0.000287
1627, 0.000464, 0.000249, 0.000245
1628, 0.000471, 0.000299, 0.000291
1629, 0.000468, 0.000248, 0.000243
1630, 0.000460, 0.000263, 0.000257
1631, 0.000461, 0.000277, 0.000269
1632, 0.000462, 0.000247, 0.000241
1633, 0.000464, 0.000292, 0.000284
1634, 0.000464, 0.000249, 0.000243
1635, 0.000460, 0.000265, 0.000258
1636, 0.000460, 0.000263, 0.000256
1637, 0.000457, 0.000255, 0.000249
1638, 0.000457, 0.000274, 0.000267
1639, 0.000458, 0.000254, 0.000249
1640, 0.000455, 0.000263, 0.000257
1641, 0.000458, 0.000262, 0.000255
1642, 0.000457, 0.000256, 0.000250
1643, 0.000455, 0.000260, 0.000254
1644, 0.000455, 0.000262, 0.000255
1645, 0.000455, 0.000260, 0.000254
1646, 0.000456, 0.000262, 0.000256
1647, 0.000454, 0.000253, 0.000247
1648, 0.000457, 0.000269, 0.000263
1649, 0.000455, 0.000257, 0.000250
1650, 0.000456, 0.000262, 0.000254
1651, 0.000461, 0.000264, 0.000258
1652, 0.000454, 0.000262, 0.000255
1653, 0.000455, 0.000258, 0.000251
1654, 0.000456, 0.000267, 0.000261
1655, 0.000454, 0.000258, 0.000252
1656, 0.000449, 0.000255, 0.000248
1657, 0.000457, 0.000274, 0.000268
1658, 0.000457, 0.000251, 0.000245
1659, 0.000455, 0.000267, 0.000259
1660, 0.000454, 0.000262, 0.000257
1661, 0.000456, 0.000256, 0.000250
1662, 0.000454, 0.000272, 0.000264
1663, 0.000454, 0.000256, 0.000252
1664, 0.000457, 0.000268, 0.000260
1665, 0.000451, 0.000253, 0.000246
1666, 0.000453, 0.000269, 0.000264
1667, 0.000455, 0.000254, 0.000248
1668, 0.000451, 0.000257, 0.000250
1669, 0.000451, 0.000263, 0.000256
1670, 0.000452, 0.000249, 0.000242
1671, 0.000455, 0.000277, 0.000268
1672, 0.000456, 0.000244, 0.000239
1673, 0.000455, 0.000293, 0.000284
1674, 0.000459, 0.000243, 0.000237
1675, 0.000458, 0.000285, 0.000278
1676, 0.000453, 0.000256, 0.000249
1677, 0.000448, 0.000247, 0.000241
1678, 0.000451, 0.000285, 0.000277
1679, 0.000454, 0.000241, 0.000236
1680, 0.000456, 0.000288, 0.000280
1681, 0.000455, 0.000248, 0.000242
1682, 0.000451, 0.000256, 0.000250
1683, 0.000446, 0.000276, 0.000268
1684, 0.000452, 0.000239, 0.000233
1685, 0.000457, 0.000297, 0.000287
1686, 0.000457, 0.000243, 0.000237
1687, 0.000452, 0.000261, 0.000254
1688, 0.000448, 0.000268, 0.000261
1689, 0.000448, 0.000245, 0.000239
1690, 0.000449, 0.000283, 0.000275
1691, 0.000452, 0.000246, 0.000239
1692, 0.000448, 0.000258, 0.000250
1693, 0.000446, 0.000274, 0.000265
1694, 0.000448, 0.000244, 0.000237
1695, 0.000450, 0.000279, 0.000269
1696, 0.000448, 0.000243, 0.000237
1697, 0.000450, 0.000265, 0.000257
1698, 0.000446, 0.000253, 0.000245
1699, 0.000446, 0.000248, 0.000242
1700, 0.000447, 0.000273, 0.000265
1701, 0.000447, 0.000244, 0.000237
1702, 0.000447, 0.000270, 0.000262
1703, 0.000449, 0.000252, 0.000245
1704, 0.000446, 0.000250, 0.000243
1705, 0.000443, 0.000266, 0.000258
1706, 0.000444, 0.000246, 0.000239
1707, 0.000446, 0.000269, 0.000261
1708, 0.000446, 0.000249, 0.000242
1709, 0.000444, 0.000257, 0.000249
1710, 0.000443, 0.000258, 0.000249
1711, 0.000443, 0.000250, 0.000242
1712, 0.000442, 0.000258, 0.000251
1713, 0.000445, 0.000255, 0.000248
1714, 0.000443, 0.000254, 0.000247
1715, 0.000442, 0.000258, 0.000252
1716, 0.000444, 0.000257, 0.000249
1717, 0.000443, 0.000242, 0.000236
1718, 0.000445, 0.000281, 0.000273
1719, 0.000447, 0.000236, 0.000229
1720, 0.000451, 0.000288, 0.000279
1721, 0.000450, 0.000239, 0.000232
1722, 0.000444, 0.000258, 0.000249
1723, 0.000442, 0.000263, 0.000254
1724, 0.000442, 0.000241, 0.000235
1725, 0.000446, 0.000280, 0.000271
1726, 0.000446, 0.000240, 0.000233
1727, 0.000443, 0.000266, 0.000259
1728, 0.000443, 0.000248, 0.000240
1729, 0.000440, 0.000255, 0.000248
1730, 0.000437, 0.000261, 0.000255
1731, 0.000441, 0.000245, 0.000237
1732, 0.000443, 0.000276, 0.000268
1733, 0.000446, 0.000238, 0.000232
1734, 0.000445, 0.000278, 0.000268
1735, 0.000441, 0.000240, 0.000233
1736, 0.000440, 0.000255, 0.000248
1737, 0.000441, 0.000263, 0.000254
1738, 0.000440, 0.000238, 0.000230
1739, 0.000442, 0.000277, 0.000269
1740, 0.000442, 0.000239, 0.000232
1741, 0.000441, 0.000263, 0.000254
1742, 0.000439, 0.000245, 0.000238
1743, 0.000440, 0.000260, 0.000252
1744, 0.000437, 0.000253, 0.000244
1745, 0.000440, 0.000254, 0.000247
1746, 0.000440, 0.000260, 0.000251
1747, 0.000436, 0.000241, 0.000233
1748, 0.000442, 0.000277, 0.000269
1749, 0.000443, 0.000239, 0.000231
1750, 0.000439, 0.000270, 0.000259
1751, 0.000440, 0.000247, 0.000240
1752, 0.000438, 0.000256, 0.000247
1753, 0.000437, 0.000252, 0.000243
1754, 0.000435, 0.000243, 0.000236
1755, 0.000437, 0.000264, 0.000256
1756, 0.000437, 0.000240, 0.000233
1757, 0.000438, 0.000265, 0.000257
1758, 0.000438, 0.000243, 0.000235
1759, 0.000436, 0.000252, 0.000244
1760, 0.000435, 0.000257, 0.000249
1761, 0.000437, 0.000239, 0.000231
1762, 0.000436, 0.000268, 0.000260
1763, 0.000436, 0.000241, 0.000233
1764, 0.000436, 0.000262, 0.000252
1765, 0.000434, 0.000245, 0.000237
1766, 0.000436, 0.000253, 0.000244
1767, 0.000433, 0.000261, 0.000252
1768, 0.000436, 0.000234, 0.000227
1769, 0.000439, 0.000280, 0.000270
1770, 0.000439, 0.000231, 0.000223
1771, 0.000435, 0.000259, 0.000251
1772, 0.000434, 0.000252, 0.000243
1773, 0.000432, 0.000237, 0.000228
1774, 0.000434, 0.000272, 0.000262
1775, 0.000436, 0.000232, 0.000224
1776, 0.000437, 0.000280, 0.000269
1777, 0.000437, 0.000233, 0.000225
1778, 0.000435, 0.000261, 0.000252
1779, 0.000432, 0.000250, 0.000241
1780, 0.000431, 0.000244, 0.000237
1781, 0.000431, 0.000259, 0.000251
1782, 0.000433, 0.000235, 0.000227
1783, 0.000434, 0.000270, 0.000261
1784, 0.000434, 0.000233, 0.000226
1785, 0.000434, 0.000260, 0.000249
1786, 0.000435, 0.000244, 0.000235
1787, 0.000431, 0.000242, 0.000233
1788, 0.000431, 0.000261, 0.000250
1789, 0.000432, 0.000229, 0.000221
1790, 0.000433, 0.000273, 0.000264
1791, 0.000432, 0.000235, 0.000227
1792, 0.000430, 0.000243, 0.000234
1793, 0.000428, 0.000269, 0.000259
1794, 0.000430, 0.000227, 0.000219
1795, 0.000435, 0.000281, 0.000269
1796, 0.000436, 0.000228, 0.000220
1797, 0.000432, 0.000259, 0.000248
1798, 0.000428, 0.000249, 0.000239
1799, 0.000427, 0.000236, 0.000227
1800, 0.000430, 0.000277, 0.000266
1801, 0.000433, 0.000228, 0.000220
1802, 0.000431, 0.000263, 0.000252
1803, 0.000429, 0.000243, 0.000233
1804, 0.000429, 0.000241, 0.000232
1805, 0.000427, 0.000254, 0.000244
1806, 0.000427, 0.000238, 0.000229
1807, 0.000426, 0.000248, 0.000239
1808, 0.000427, 0.000247, 0.000237
1809, 0.000425, 0.000234, 0.000226
1810, 0.000426, 0.000256, 0.000247
1811, 0.000425, 0.000241, 0.000232
1812, 0.000424, 0.000238, 0.000229
1813, 0.000426, 0.000247, 0.000238
1814, 0.000425, 0.000244, 0.000235
1815, 0.000425, 0.000240, 0.000230
1816, 0.000425, 0.000257, 0.000248
1817, 0.000426, 0.000235, 0.000226
1818, 0.000425, 0.000253, 0.000242
1819, 0.000425, 0.000243, 0.000234
1820, 0.000422, 0.000238, 0.000229
1821, 0.000423, 0.000246, 0.000236
1822, 0.000423, 0.000239, 0.000230
1823, 0.000423, 0.000252, 0.000241
1824, 0.000423, 0.000239, 0.000229
1825, 0.000421, 0.000246, 0.000237
1826, 0.000421, 0.000247, 0.000236
1827, 0.000420, 0.000241, 0.000231
1828, 0.000420, 0.000252, 0.000242
1829, 0.000421, 0.000243, 0.000233
1830, 0.000424, 0.000241, 0.000231
1831, 0.000422, 0.000259, 0.000248
1832, 0.000425, 0.000226, 0.000217
1833, 0.000424, 0.000271, 0.000260
1834, 0.000426, 0.000227, 0.000218
1835, 0.000422, 0.000246, 0.000236
1836, 0.000420, 0.000256, 0.000246
1837, 0.000421, 0.000219, 0.000210
1838, 0.000432, 0.000304, 0.000291
1839, 0.000435, 0.000219, 0.000210
1840, 0.000432, 0.000279, 0.000266
1841, 0.000425, 0.000232, 0.000222
1842, 0.000420, 0.000234, 0.000225
1843, 0.000420, 0.000283, 0.000271
1844, 0.000426, 0.000220, 0.000212
1845, 0.000435, 0.000300, 0.000288
1846, 0.000437, 0.000216, 0.000207
1847, 0.000434, 0.000278, 0.000268
1848, 0.000427, 0.000230, 0.000220
1849, 0.000418, 0.000233, 0.000223
1850, 0.000421, 0.000272, 0.000261
1851, 0.000425, 0.000218, 0.000209
1852, 0.000430, 0.000293, 0.000281
1853, 0.000437, 0.000220, 0.000211
1854, 0.000428, 0.000253, 0.000243
1855, 0.000421, 0.000243, 0.000233
1856, 0.000419, 0.000224, 0.000215
1857, 0.000422, 0.000270, 0.000257
1858, 0.000423, 0.000224, 0.000214
1859, 0.000419, 0.000243, 0.000233
1860, 0.000418, 0.000249, 0.000237
1861, 0.000419, 0.000222, 0.000212
1862, 0.000420, 0.000269, 0.000259
1863, 0.000422, 0.000220, 0.000210
1864, 0.000421, 0.000247, 0.000237
1865, 0.000417, 0.000239, 0.000230
1866, 0.000416, 0.000224, 0.000214
1867, 0.000419, 0.000256, 0.000244
1868, 0.000418, 0.000225, 0.000216
1869, 0.000415, 0.000237, 0.000225
1870, 0.000416, 0.000241, 0.000230
1871, 0.000416, 0.000230, 0.000221
1872, 0.000417, 0.000241, 0.000230
1873, 0.000413, 0.000232, 0.000222
1874, 0.000413, 0.000238, 0.000228
1875, 0.000414, 0.000238, 0.000227
1876, 0.000413, 0.000229, 0.000219
1877, 0.000413, 0.000245, 0.000234
1878, 0.000415, 0.000220, 0.000210
1879, 0.000415, 0.000260, 0.000248
1880, 0.000417, 0.000219, 0.000209
1881, 0.000415, 0.000254, 0.000242
1882, 0.000412, 0.000226, 0.000216
1883, 0.000410, 0.000232, 0.000222
1884, 0.000410, 0.000239, 0.000228
1885, 0.000411, 0.000223, 0.000213
1886, 0.000412, 0.000246, 0.000236
1887, 0.000413, 0.000231, 0.000220
1888, 0.000410, 0.000224, 0.000214
1889, 0.000412, 0.000261, 0.000250
1890, 0.000414, 0.000218, 0.000207
1891, 0.000414, 0.000247, 0.000235
1892, 0.000410, 0.000231, 0.000220
1893, 0.000411, 0.000235, 0.000223
1894, 0.000411, 0.000232, 0.000220
1895, 0.000408, 0.000239, 0.000228
1896, 0.000412, 0.000225, 0.000214
1897, 0.000409, 0.000240, 0.000230
1898, 0.000410, 0.000228, 0.000218
1899, 0.000407, 0.000233, 0.000222
1900, 0.000407, 0.000236, 0.000225
1901, 0.000406, 0.000222, 0.000212
1902, 0.000409, 0.000252, 0.000240
1903, 0.000411, 0.000222, 0.000211
1904, 0.000409, 0.000242, 0.000230
1905, 0.000408, 0.000225, 0.000214
1906, 0.000406, 0.000238, 0.000227
1907, 0.000407, 0.000232, 0.000221
1908, 0.000404, 0.000225, 0.000214
1909, 0.000408, 0.000251, 0.000239
1910, 0.000408, 0.000218, 0.000207
1911, 0.000409, 0.000253, 0.000240
1912, 0.000408, 0.000223, 0.000212
1913, 0.000408, 0.000234, 0.000223
1914, 0.000405, 0.000242, 0.000229
1915, 0.000406, 0.000218, 0.000207
1916, 0.000407, 0.000252, 0.000239
1917, 0.000409, 0.000215, 0.000203
1918, 0.000407, 0.000246, 0.000233
1919, 0.000405, 0.000236, 0.000223
1920, 0.000405, 0.000217, 0.000206
1921, 0.000406, 0.000260, 0.000247
1922, 0.000409, 0.000212, 0.000202
1923, 0.000410, 0.000264, 0.000251
1924, 0.000409, 0.000214, 0.000204
1925, 0.000410, 0.000254, 0.000241
1926, 0.000407, 0.000223, 0.000212
1927, 0.000406, 0.000240, 0.000228
1928, 0.000402, 0.000222, 0.000211
1929, 0.000402, 0.000238, 0.000225
1930, 0.000403, 0.000226, 0.000214
1931, 0.000404, 0.000226, 0.000214
1932, 0.000403, 0.000247, 0.000233
1933, 0.000405, 0.000219, 0.000208
1934, 0.000405, 0.000239, 0.000227
1935, 0.000404, 0.000229, 0.000218
1936, 0.000401, 0.000224, 0.000213
1937, 0.000400, 0.000236, 0.000224
1938, 0.000401, 0.000224, 0.000212
1939, 0.000402, 0.000230, 0.000219
1940, 0.000401, 0.000230, 0.000218
1941, 0.000400, 0.000227, 0.000215
1942, 0.000399, 0.000237, 0.000224
1943, 0.000401, 0.000229, 0.000217
1944, 0.000398, 0.000221, 0.000209
1945, 0.000400, 0.000246, 0.000233
1946, 0.000404, 0.000214, 0.000203
1947, 0.000400, 0.000248, 0.000237
1948, 0.000399, 0.000220, 0.000210
1949, 0.000401, 0.000225, 0.000214
1950, 0.000400, 0.000249, 0.000237
1951, 0.000401, 0.000208, 0.000198
1952, 0.000406, 0.000274, 0.000260
1953, 0.000409, 0.000204, 0.000194
1954, 0.000412, 0.000272, 0.000259
1955, 0.000407, 0.000215, 0.000204
1956, 0.000399, 0.000224, 0.000212
1957, 0.000399, 0.000255, 0.000242
1958, 0.000401, 0.000205, 0.000194
1959, 0.000404, 0.000270, 0.000256
1960, 0.000406, 0.000207, 0.000196
1961, 0.000404, 0.000249, 0.000236
1962, 0.000398, 0.000220, 0.000208
1963, 0.000396, 0.000217, 0.000204
1964, 0.000398, 0.000256, 0.000242
1965, 0.000402, 0.000206, 0.000195
1966, 0.000404, 0.000252, 0.000238
1967, 0.000399, 0.000218, 0.000206
1968, 0.000396, 0.000216, 0.000205
1969, 0.000400, 0.000259, 0.000246
1970, 0.000402, 0.000204, 0.000193
1971, 0.000403, 0.000256, 0.000243
1972, 0.000399, 0.000222, 0.000209
1973, 0.000394, 0.000212, 0.000200
1974, 0.000397, 0.000260, 0.000245
1975, 0.000402, 0.000202, 0.000190
1976, 0.000404, 0.000265, 0.000252
1977, 0.000402, 0.000204, 0.000193
1978, 0.000398, 0.000239, 0.000227
1979, 0.000396, 0.000225, 0.000214
1980, 0.000393, 0.000210, 0.000198
1981, 0.000396, 0.000250, 0.000237
1982, 0.000399, 0.000208, 0.000196
1983, 0.000394, 0.000229, 0.000217
1984, 0.000394, 0.000226, 0.000213
1985, 0.000393, 0.000211, 0.000200
1986, 0.000394, 0.000238, 0.000226
1987, 0.000392, 0.000214, 0.000203
1988, 0.000393, 0.000229, 0.000218
1989, 0.000392, 0.000221, 0.000209
1990, 0.000394, 0.000222, 0.000210
1991, 0.000393, 0.000228, 0.000216
1992, 0.000390, 0.000219, 0.000206
1993, 0.000392, 0.000226, 0.000212
1994, 0.000392, 0.000229, 0.000216
1995, 0.000393, 0.000215, 0.000202
1996, 0.000393, 0.000232, 0.000219
1997, 0.000392, 0.000214, 0.000202
1998, 0.000391, 0.000233, 0.000220
1999, 0.000393, 0.000214, 0.000202
2000, 0.000389, 0.000222, 0.000209
2001, 0.000388, 0.000232, 0.000219
2002, 0.000390, 0.000209, 0.000197
2003, 0.000393, 0.000240, 0.000225
2004, 0.000390, 0.000212, 0.000200
2005, 0.000389, 0.000220, 0.000208
2006, 0.000388, 0.000229, 0.000215
2007, 0.000389, 0.000212, 0.000200
2008, 0.000389, 0.000236, 0.000223
2009, 0.000389, 0.000211, 0.000199
2010, 0.000392, 0.000230, 0.000218
2011, 0.000390, 0.000221, 0.000208
2012, 0.000389, 0.000216, 0.000203
2013, 0.000390, 0.000239, 0.000225
2014, 0.000390, 0.000207, 0.000194
2015, 0.000390, 0.000248, 0.000234
2016, 0.000389, 0.000210, 0.000198
2017, 0.000390, 0.000230, 0.000217
2018, 0.000388, 0.000228, 0.000214
2019, 0.000387, 0.000208, 0.000195
2020, 0.000387, 0.000248, 0.000234
2021, 0.000392, 0.000196, 0.000184
2022, 0.000395, 0.000269, 0.000253
2023, 0.000396, 0.000200, 0.000188
2024, 0.000394, 0.000234, 0.000220
2025, 0.000386, 0.000228, 0.000216
2026, 0.000386, 0.000206, 0.000194
2027, 0.000389, 0.000251, 0.000236
2028, 0.000391, 0.000195, 0.000184
2029, 0.000402, 0.000280, 0.000265
2030, 0.000401, 0.000196, 0.000185
2031, 0.000397, 0.000258, 0.000243
2032, 0.000391, 0.000207, 0.000194
2033, 0.000385, 0.000217, 0.000203
2034, 0.000382, 0.000232, 0.000219
2035, 0.000386, 0.000201, 0.000189
2036, 0.000386, 0.000245, 0.000232
2037, 0.000387, 0.000202, 0.000189
2038, 0.000388, 0.000243, 0.000229
2039, 0.000388, 0.000203, 0.000191
2040, 0.000387, 0.000229, 0.000214
2041, 0.000384, 0.000211, 0.000197
2042, 0.000383, 0.000215, 0.000201
2043, 0.000381, 0.000226, 0.000211
2044, 0.000384, 0.000207, 0.000194
2045, 0.000383, 0.000226, 0.000212
2046, 0.000381, 0.000213, 0.000200
2047, 0.000383, 0.000212, 0.000199
2048, 0.000383, 0.000233, 0.000220
2049, 0.000384, 0.000197, 0.000184
2050, 0.000383, 0.000246, 0.000231
2051, 0.000384, 0.000200, 0.000187
2052, 0.000383, 0.000227, 0.000212
2053, 0.000380, 0.000215, 0.000201
2054, 0.000382, 0.000215, 0.000201
2055, 0.000380, 0.000214, 0.000200
2056, 0.000379, 0.000219, 0.000205
2057, 0.000382, 0.000208, 0.000195
2058, 0.000380, 0.000233, 0.000219
2059, 0.000384, 0.000203, 0.000190
2060, 0.000383, 0.000234, 0.000219
2061, 0.000381, 0.000207, 0.000193
2062, 0.000380, 0.000218, 0.000204
2063, 0.000378, 0.000216, 0.000202
2064, 0.000377, 0.000209, 0.000195
2065, 0.000376, 0.000223, 0.000209
2066, 0.000377, 0.000209, 0.000195
2067, 0.000382, 0.000223, 0.000209
2068, 0.000381, 0.000214, 0.000199
2069, 0.000379, 0.000218, 0.000202
2070, 0.000376, 0.000210, 0.000197
2071, 0.000378, 0.000225, 0.000211
2072, 0.000380, 0.000209, 0.000195
2073, 0.000379, 0.000224, 0.000210
2074, 0.000378, 0.000215, 0.000203
2075, 0.000378, 0.000215, 0.000201
2076, 0.000379, 0.000227, 0.000213
2077, 0.000379, 0.000206, 0.000194
2078, 0.000380, 0.000223, 0.000208
2079, 0.000377, 0.000213, 0.000198
2080, 0.000375, 0.000210, 0.000197
2081, 0.000375, 0.000234, 0.000218
2082, 0.000376, 0.000198, 0.000184
2083, 0.000380, 0.000247, 0.000232
2084, 0.000382, 0.000199, 0.000186
2085, 0.000379, 0.000227, 0.000214
2086, 0.000377, 0.000218, 0.000204
2087, 0.000377, 0.000205, 0.000192
2088, 0.000374, 0.000227, 0.000214
2089, 0.000376, 0.000208, 0.000195
2090, 0.000373, 0.000223, 0.000208
2091, 0.000375, 0.000204, 0.000191
2092, 0.000374, 0.000223, 0.000208
2093, 0.000373, 0.000205, 0.000191
2094, 0.000373, 0.000218, 0.000204
2095, 0.000373, 0.000214, 0.000200
2096, 0.000372, 0.000210, 0.000195
2097, 0.000373, 0.000221, 0.000206
2098, 0.000373, 0.000207, 0.000193
2099, 0.000374, 0.000216, 0.000202
2100, 0.000374, 0.000219, 0.000205
2101, 0.000372, 0.000207, 0.000193
2102, 0.000373, 0.000239, 0.000224
2103, 0.000375, 0.000191, 0.000178
2104, 0.000379, 0.000261, 0.000244
2105, 0.000383, 0.000192, 0.000179
2106, 0.000381, 0.000249, 0.000233
2107, 0.000376, 0.000198, 0.000184
2108, 0.000373, 0.000216, 0.000202
2109, 0.000370, 0.000224, 0.000209
2110, 0.000374, 0.000201, 0.000187
2111, 0.000372, 0.000226, 0.000211
2112, 0.000372, 0.000204, 0.000189
2113, 0.000372, 0.000223, 0.000207
2114, 0.000371, 0.000209, 0.000195
2115, 0.000372, 0.000220, 0.000204
2116, 0.000370, 0.000214, 0.000199
2117, 0.000368, 0.000212, 0.000198
2118, 0.000371, 0.000218, 0.000203
2119, 0.000370, 0.000215, 0.000200
2120, 0.000369, 0.000209, 0.000194
2121, 0.000368, 0.000223, 0.000208
2122, 0.000366, 0.000205, 0.000190
2123, 0.000371, 0.000211, 0.000196
2124, 0.000369, 0.000212, 0.000197
2125, 0.000368, 0.000201, 0.000187
2126, 0.000369, 0.000225, 0.000210
2127, 0.000370, 0.000199, 0.000185
2128, 0.000369, 0.000233, 0.000218
2129, 0.000371, 0.000203, 0.000188
2130, 0.000369, 0.000228, 0.000212
2131, 0.000369, 0.000207, 0.000193
2132, 0.000370, 0.000217, 0.000202
2133, 0.000369, 0.000214, 0.000199
2134, 0.000367, 0.000208, 0.000194
2135, 0.000367, 0.000220, 0.000205
2136, 0.000366, 0.000201, 0.000187
2137, 0.000369, 0.000225, 0.000210
2138, 0.000367, 0.000199, 0.000184
2139, 0.000367, 0.000218, 0.000202
2140, 0.000365, 0.000228, 0.000212
2141, 0.000370, 0.000191, 0.000176
2142, 0.000373, 0.000271, 0.000253
2143, 0.000377, 0.000184, 0.000171
2144, 0.000379, 0.000272, 0.000255
2145, 0.000379, 0.000191, 0.000178
2146, 0.000376, 0.000239, 0.000224
2147, 0.000366, 0.000206, 0.000191
2148, 0.000366, 0.000204, 0.000189
2149, 0.000365, 0.000224, 0.000209
2150, 0.000365, 0.000197, 0.000183
2151, 0.000369, 0.000223, 0.000207
2152, 0.000365, 0.000205, 0.000189
2153, 0.000365, 0.000210, 0.000194
2154, 0.000364, 0.000214, 0.000198
2155, 0.000364, 0.000208, 0.000193
2156, 0.000362, 0.000209, 0.000193
2157, 0.000364, 0.000213, 0.000198
2158, 0.000364, 0.000201, 0.000187
2159, 0.000363, 0.000221, 0.000206
2160, 0.000363, 0.000199, 0.000184
2161, 0.000364, 0.000226, 0.000209
2162, 0.000367, 0.000195, 0.000181
2163, 0.000364, 0.000229, 0.000213
2164, 0.000365, 0.000203, 0.000187
2165, 0.000366, 0.000217, 0.000202
2166, 0.000362, 0.000203, 0.000188
2167, 0.000361, 0.000229, 0.000212
2168, 0.000367, 0.000195, 0.000181
2169, 0.000366, 0.000239, 0.000222
2170, 0.000366, 0.000194, 0.000179
2171, 0.000368, 0.000237, 0.000221
2172, 0.000365, 0.000193, 0.000179
2173, 0.000365, 0.000236, 0.000220
2174, 0.000365, 0.000193, 0.000178
2175, 0.000363, 0.000227, 0.000211
2176, 0.000363, 0.000198, 0.000184
2177, 0.000364, 0.000219, 0.000204
2178, 0.000358, 0.000202, 0.000187
2179, 0.000359, 0.000213, 0.000198
2180, 0.000361, 0.000206, 0.000190
2181, 0.000360, 0.000214, 0.000198
2182, 0.000361, 0.000204, 0.000188
2183, 0.000358, 0.000214, 0.000197
2184, 0.000360, 0.000198, 0.000182
2185, 0.000361, 0.000225, 0.000208
2186, 0.000359, 0.000197, 0.000182
2187, 0.000359, 0.000224, 0.000209
2188, 0.000359, 0.000203, 0.000188
2189, 0.000358, 0.000203, 0.000188
2190, 0.000358, 0.000223, 0.000207
2191, 0.000359, 0.000194, 0.000179
2192, 0.000360, 0.000231, 0.000215
2193, 0.000361, 0.000193, 0.000177
2194, 0.000362, 0.000221, 0.000205
2195, 0.000359, 0.000200, 0.000185
2196, 0.000358, 0.000215, 0.000199
2197, 0.000355, 0.000219, 0.000202
2198, 0.000358, 0.000190, 0.000175
2199, 0.000361, 0.000242, 0.000225
2200, 0.000362, 0.000183, 0.000169
2201, 0.000363, 0.000247, 0.000230
2202, 0.000366, 0.000185, 0.000170
2203, 0.000361, 0.000239, 0.000223
2204, 0.000359, 0.000193, 0.000178
2205, 0.000359, 0.000215, 0.000198
2206, 0.000357, 0.000219, 0.000203
2207, 0.000355, 0.000186, 0.000171
2208, 0.000360, 0.000266, 0.000248
2209, 0.000366, 0.000177, 0.000162
2210, 0.000368, 0.000263, 0.000244
2211, 0.000365, 0.000184, 0.000169
2212, 0.000361, 0.000213, 0.000197
2213, 0.000358, 0.000218, 0.000202
2214, 0.000355, 0.000185, 0.000170
2215, 0.000358, 0.000250, 0.000233
2216, 0.000363, 0.000175, 0.000161
2217, 0.000363, 0.000243, 0.000227
2218, 0.000360, 0.000194, 0.000179
2219, 0.000356, 0.000201, 0.000185
2220, 0.000354, 0.000231, 0.000214
2221, 0.000356, 0.000183, 0.000168
2222, 0.000359, 0.000242, 0.000223
2223, 0.000360, 0.000186, 0.000171
2224, 0.000360, 0.000229, 0.000212
2225, 0.000356, 0.000200, 0.000185
2226, 0.000353, 0.000198, 0.000182
2227, 0.000353, 0.000220, 0.000204
2228, 0.000354, 0.000185, 0.000170
2229, 0.000357, 0.000231, 0.000213
2230, 0.000355, 0.000185, 0.000169
2231, 0.000357, 0.000226, 0.000208
2232, 0.000354, 0.000192, 0.000176
2233, 0.000354, 0.000209, 0.000193
2234, 0.000352, 0.000206, 0.000190
2235, 0.000353, 0.000192, 0.000177
2236, 0.000354, 0.000231, 0.000214
2237, 0.000354, 0.000184, 0.000168
2238, 0.000355, 0.000237, 0.000221
2239, 0.000357, 0.000185, 0.000171
2240, 0.000356, 0.000215, 0.000198
2241, 0.000352, 0.000206, 0.000190
2242, 0.000349, 0.000188, 0.000173
2243, 0.000352, 0.000228, 0.000211
2244, 0.000353, 0.000189, 0.000174
2245, 0.000352, 0.000208, 0.000192
2246, 0.000350, 0.000216, 0.000199
2247, 0.000351, 0.000180, 0.000164
2248, 0.000354, 0.000255, 0.000236
2249, 0.000359, 0.000176, 0.000161
2250, 0.000360, 0.000238, 0.000221
2251, 0.000353, 0.000186, 0.000170
2252, 0.000354, 0.000220, 0.000205
2253, 0.000348, 0.000196, 0.000181
2254, 0.000349, 0.000199, 0.000184
2255, 0.000347, 0.000214, 0.000199
2256, 0.000348, 0.000188, 0.000172
2257, 0.000348, 0.000217, 0.000200
2258, 0.000347, 0.000197, 0.000181
2259, 0.000348, 0.000208, 0.000192
2260, 0.000348, 0.000199, 0.000183
2261, 0.000348, 0.000211, 0.000194
2262, 0.000346, 0.000198, 0.000181
2263, 0.000350, 0.000204, 0.000188
2264, 0.000346, 0.000191, 0.000176
2265, 0.000349, 0.000224, 0.000206
2266, 0.000348, 0.000192, 0.000176
2267, 0.000345, 0.000200, 0.000184
2268, 0.000345, 0.000210, 0.000193
2269, 0.000345, 0.000187, 0.000172
2270, 0.000348, 0.000225, 0.000207
2271, 0.000348, 0.000194, 0.000177
2272, 0.000345, 0.000211, 0.000194
2273, 0.000345, 0.000200, 0.000183
2274, 0.000345, 0.000198, 0.000182
2275, 0.000344, 0.000203, 0.000187
2276, 0.000346, 0.000203, 0.000186
2277, 0.000345, 0.000208, 0.000191
2278, 0.000345, 0.000205, 0.000188
2279, 0.000346, 0.000198, 0.000182
2280, 0.000344, 0.000206, 0.000190
2281, 0.000345, 0.000205, 0.000189
2282, 0.000343, 0.000191, 0.000176
2283, 0.000344, 0.000229, 0.000213
2284, 0.000346, 0.000185, 0.000171
2285, 0.000347, 0.000231, 0.000214
2286, 0.000348, 0.000186, 0.000171
2287, 0.000347, 0.000218, 0.000201
2288, 0.000343, 0.000201, 0.000183
2289, 0.000346, 0.000207, 0.000190
2290, 0.000344, 0.000209, 0.000191
2291, 0.000342, 0.000197, 0.000180
2292, 0.000343, 0.000210, 0.000193
2293, 0.000343, 0.000191, 0.000175
2294, 0.000343, 0.000217, 0.000199
2295, 0.000342, 0.000199, 0.000184
2296, 0.000344, 0.000203, 0.000187
2297, 0.000341, 0.000211, 0.000194
2298, 0.000345, 0.000194, 0.000178
2299, 0.000344, 0.000218, 0.000201
2300, 0.000342, 0.000189, 0.000173
2301, 0.000342, 0.000212, 0.000195
2302, 0.000342, 0.000203, 0.000185
2303, 0.000342, 0.000208, 0.000191
2304, 0.000342, 0.000195, 0.000178
2305, 0.000341, 0.000217, 0.000199
2306, 0.000343, 0.000210, 0.000193
2307, 0.000344, 0.000186, 0.000170
2308, 0.000343, 0.000263, 0.000245
2309, 0.000351, 0.000169, 0.000155
2310, 0.000356, 0.000282, 0.000263
2311, 0.000360, 0.000166, 0.000151
2312, 0.000359, 0.000274, 0.000255
2313, 0.000359, 0.000172, 0.000156
2314, 0.000349, 0.000231, 0.000213
2315, 0.000343, 0.000200, 0.000184
2316, 0.000341, 0.000183, 0.000168
2317, 0.000341, 0.000244, 0.000226
2318, 0.000348, 0.000168, 0.000154
2319, 0.000353, 0.000277, 0.000258
2320, 0.000358, 0.000170, 0.000155
2321, 0.000354, 0.000236, 0.000219
2322, 0.000344, 0.000190, 0.000174
2323, 0.000338, 0.000189, 0.000172
2324, 0.000342, 0.000228, 0.000209
2325, 0.000341, 0.000181, 0.000164
2326, 0.000340, 0.000219, 0.000199
2327, 0.000339, 0.000186, 0.000169
2328, 0.000340, 0.000210, 0.000192
2329, 0.000336, 0.000190, 0.000173
2330, 0.000337, 0.000199, 0.000183
2331, 0.000337, 0.000199, 0.000183
2332, 0.000338, 0.000184, 0.000168
2333, 0.000337, 0.000219, 0.000202
2334, 0.000340, 0.000183, 0.000166
2335, 0.000336, 0.000218, 0.000200
2336, 0.000339, 0.000185, 0.000168
2337, 0.000340, 0.000211, 0.000193
2338, 0.000339, 0.000192, 0.000175
2339, 0.000334, 0.000200, 0.000183
2340, 0.000335, 0.000202, 0.000185
2341, 0.000332, 0.000188, 0.000171
2342, 0.000336, 0.000222, 0.000205
2343, 0.000338, 0.000175, 0.000158
2344, 0.000339, 0.000238, 0.000219
2345, 0.000342, 0.000175, 0.000159
2346, 0.000338, 0.000212, 0.000194
2347, 0.000335, 0.000202, 0.000184
2348, 0.000334, 0.000182, 0.000165
2349, 0.000334, 0.000225, 0.000206
2350, 0.000337, 0.000176, 0.000160
2351, 0.000337, 0.000228, 0.000210
2352, 0.000338, 0.000174, 0.000159
2353, 0.000341, 0.000229, 0.000211
2354, 0.000338, 0.000176, 0.000160
2355, 0.000336, 0.000231, 0.000213
2356, 0.000339, 0.000178, 0.000161
2357, 0.000335, 0.000207, 0.000189
2358, 0.000331, 0.000197, 0.000180
2359, 0.000331, 0.000197, 0.000180
2360, 0.000333, 0.000196, 0.000179
2361, 0.000331, 0.000213, 0.000195
2362, 0.000333, 0.000178, 0.000162
2363, 0.000335, 0.000231, 0.000212
2364, 0.000336, 0.000176, 0.000160
2365, 0.000333, 0.000214, 0.000195
2366, 0.000333, 0.000187, 0.000170
2367, 0.000331, 0.000199, 0.000181
2368, 0.000330, 0.000199, 0.000181
2369, 0.000329, 0.000195, 0.000177
2370, 0.000332, 0.000201, 0.000183
2371, 0.000330, 0.000191, 0.000174
2372, 0.000331, 0.000204, 0.000186
2373, 0.000330, 0.000187, 0.000169
2374, 0.000331, 0.000214, 0.000196
2375, 0.000331, 0.000193, 0.000176
2376, 0.000330, 0.000196, 0.000179
2377, 0.000328, 0.000215, 0.000196
2378, 0.000330, 0.000182, 0.000165
2379, 0.000331, 0.000216, 0.000197
2380, 0.000330, 0.000182, 0.000166
2381, 0.000331, 0.000220, 0.000202
2382, 0.000327, 0.000190, 0.000173
2383, 0.000328, 0.000195, 0.000178
2384, 0.000329, 0.000213, 0.000195
2385, 0.000329, 0.000185, 0.000167
2386, 0.000329, 0.000224, 0.000204
2387, 0.000331, 0.000173, 0.000157
2388, 0.000334, 0.000228, 0.000209
2389, 0.000330, 0.000185, 0.000169
2390, 0.000330, 0.000203, 0.000186
2391, 0.000328, 0.000211, 0.000193
2392, 0.000328, 0.000181, 0.000165
2393, 0.000329, 0.000237, 0.000218
2394, 0.000334, 0.000177, 0.000161
2395, 0.000333, 0.000238, 0.000220
2396, 0.000334, 0.000174, 0.000158
2397, 0.000331, 0.000233, 0.000214
2398, 0.000332, 0.000176, 0.000161
2399, 0.000334, 0.000213, 0.000195
2400, 0.000327, 0.000209, 0.000191
2401, 0.000324, 0.000177, 0.000161
2402, 0.000330, 0.000230, 0.000210
2403, 0.000329, 0.000182, 0.000165
2404, 0.000331, 0.000217, 0.000200
2405, 0.000329, 0.000186, 0.000170
2406, 0.000325, 0.000217, 0.000200
2407, 0.000326, 0.000183, 0.000168
2408, 0.000325, 0.000215, 0.000197
2409, 0.000326, 0.000184, 0.000168
2410, 0.000323, 0.000203, 0.000186
2411, 0.000324, 0.000203, 0.000186
2412, 0.000324, 0.000183, 0.000166
2413, 0.000325, 0.000217, 0.000199
2414, 0.000328, 0.000186, 0.000171
2415, 0.000325, 0.000197, 0.000181
2416, 0.000324, 0.000211, 0.000194
2417, 0.000323, 0.000181, 0.000165
2418, 0.000325, 0.000228, 0.000211
2419, 0.000324, 0.000175, 0.000160
2420, 0.000322, 0.000213, 0.000196
2421, 0.000322, 0.000199, 0.000181
2422, 0.000322, 0.000180, 0.000162
2423, 0.000326, 0.000238, 0.000218
2424, 0.000329, 0.000172, 0.000156
2425, 0.000326, 0.000232, 0.000214
2426, 0.000327, 0.000174, 0.000158
2427, 0.000327, 0.000230, 0.000212
2428, 0.000327, 0.000179, 0.000163
2429, 0.000323, 0.000207, 0.000190
2430, 0.000319, 0.000203, 0.000187
2431, 0.000321, 0.000185, 0.000168
2432, 0.000322, 0.000225, 0.000207
2433, 0.000322, 0.000177, 0.000162
2434, 0.000324, 0.000218, 0.000200
2435, 0.000322, 0.000202, 0.000184
2436, 0.000320, 0.000183, 0.000167
2437, 0.000320, 0.000222, 0.000204
2438, 0.000322, 0.000179, 0.000162
2439, 0.000322, 0.000221, 0.000204
2440, 0.000323, 0.000174, 0.000158
2441, 0.000323, 0.000226, 0.000208
2442, 0.000322, 0.000183, 0.000167
2443, 0.000321, 0.000201, 0.000183
2444, 0.000319, 0.000203, 0.000184
2445, 0.000320, 0.000190, 0.000172
2446, 0.000318, 0.000211, 0.000193
2447, 0.000320, 0.000183, 0.000166
2448, 0.000317, 0.000214, 0.000195
2449, 0.000321, 0.000183, 0.000166
2450, 0.000318, 0.000215, 0.000196
2451, 0.000318, 0.000190, 0.000173
2452, 0.000320, 0.000202, 0.000185
2453, 0.000318, 0.000199, 0.000183
2454, 0.000316, 0.000188, 0.000171
2455, 0.000318, 0.000221, 0.000203
2456, 0.000319, 0.000171, 0.000155
2457, 0.000320, 0.000255, 0.000236
2458, 0.000326, 0.000159, 0.000144
2459, 0.000331, 0.000266, 0.000246
2460, 0.000330, 0.000162, 0.000145
2461, 0.000329, 0.000249, 0.000229
2462, 0.000323, 0.000176, 0.000159
2463, 0.000317, 0.000189, 0.000171
2464, 0.000316, 0.000237, 0.000217
2465, 0.000321, 0.000161, 0.000145
2466, 0.000330, 0.000294, 0.000272
2467, 0.000339, 0.000156, 0.000141
2468, 0.000345, 0.000291, 0.000271
2469, 0.000341, 0.000160, 0.000144
2470, 0.000329, 0.000223, 0.000205
2471, 0.000319, 0.000205, 0.000188
2472, 0.000315, 0.000161, 0.000146
2473, 0.000324, 0.000274, 0.000255
2474, 0.000334, 0.000157, 0.000142
2475, 0.000330, 0.000240, 0.000221
2476, 0.000322, 0.000187, 0.000170
2477, 0.000318, 0.000170, 0.000154
2478, 0.000316, 0.000243, 0.000224
2479, 0.000322, 0.000162, 0.000146
2480, 0.000325, 0.000232, 0.000213
2481, 0.000320, 0.000180, 0.000163
2482, 0.000315, 0.000178, 0.000161
2483, 0.000316, 0.000234, 0.000214
2484, 0.000318, 0.000161, 0.000145
2485, 0.000323, 0.000219, 0.000201
2486, 0.000316, 0.000191, 0.000174
2487, 0.000310, 0.000174, 0.000157
2488, 0.000314, 0.000221, 0.000203
2489, 0.000316, 0.000171, 0.000155
2490, 0.000313, 0.000191, 0.000174
2491, 0.000312, 0.000211, 0.000194
2492, 0.000312, 0.000170, 0.000154
2493, 0.000317, 0.000227, 0.000208
2494, 0.000315, 0.000173, 0.000156
2495, 0.000311, 0.000195, 0.000177
2496, 0.000313, 0.000191, 0.000173
2497, 0.000311, 0.000183, 0.000166
2498, 0.000309, 0.000193, 0.000175
2499, 0.000311, 0.000188, 0.000170
2500, 0.000308, 0.000186, 0.000169
2501, 0.000312, 0.000195, 0.000177
2502, 0.000310, 0.000181, 0.000164
2503, 0.000310, 0.000207, 0.000189
2504, 0.000311, 0.000177, 0.000161
2505, 0.000311, 0.000208, 0.000189
2506, 0.000312, 0.000177, 0.000161
2507, 0.000312, 0.000200, 0.000182
2508, 0.000308, 0.000183, 0.000165
2509, 0.000311, 0.000196, 0.000179
2510, 0.000310, 0.000190, 0.000173
2511, 0.000309, 0.000196, 0.000178
2512, 0.000307, 0.000184, 0.000167
2513, 0.000311, 0.000199, 0.000180
2514, 0.000310, 0.000190, 0.000172
2515, 0.000309, 0.000199, 0.000182
2516, 0.000308, 0.000185, 0.000169
2517, 0.000307, 0.000196, 0.000178
2518, 0.000306, 0.000184, 0.000168
2519, 0.000307, 0.000193, 0.000176
2520, 0.000305, 0.000184, 0.000167
2521, 0.000307, 0.000210, 0.000193
2522, 0.000308, 0.000179, 0.000162
2523, 0.000306, 0.000200, 0.000182
2524, 0.000307, 0.000207, 0.000189
2525, 0.000306, 0.000164, 0.000148
2526, 0.000308, 0.000235, 0.000215
2527, 0.000312, 0.000169, 0.000153
2528, 0.000309, 0.000202, 0.000184
2529, 0.000305, 0.000194, 0.000177
2530, 0.000305, 0.000180, 0.000163
2531, 0.000306, 0.000210, 0.000192
2532, 0.000304, 0.000178, 0.000160
2533, 0.000306, 0.000211, 0.000192
2534, 0.000305, 0.000173, 0.000156
2535, 0.000306, 0.000218, 0.000199
2536, 0.000307, 0.000169, 0.000152
2537, 0.000308, 0.000225, 0.000206
2538, 0.000305, 0.000175, 0.000158
2539, 0.000304, 0.000198, 0.000181
2540, 0.000304, 0.000201, 0.000183
2541, 0.000303, 0.000176, 0.000159
2542, 0.000304, 0.000234, 0.000215
2543, 0.000307, 0.000163, 0.000147
2544, 0.000309, 0.000227, 0.000208
2545, 0.000306, 0.000175, 0.000158
2546, 0.000301, 0.000186, 0.000168
2547, 0.000302, 0.000208, 0.000190
2548, 0.000301, 0.000175, 0.000158
2549, 0.000301, 0.000195, 0.000177
2550, 0.000301, 0.000207, 0.000190
2551, 0.000301, 0.000167, 0.000151
2552, 0.000306, 0.000251, 0.000232
2553, 0.000312, 0.000154, 0.000138
2554, 0.000316, 0.000261, 0.000241
2555, 0.000313, 0.000160, 0.000143
2556, 0.000308, 0.000211, 0.000192
2557, 0.000302, 0.000197, 0.000180
2558, 0.000299, 0.000167, 0.000150
2559, 0.000303, 0.000236, 0.000217
2560, 0.000306, 0.000162, 0.000146
2561, 0.000302, 0.000211, 0.000192
2562, 0.000300, 0.000190, 0.000173
2563, 0.000297, 0.000170, 0.000155
2564, 0.000302, 0.000237, 0.000218
2565, 0.000303, 0.000160, 0.000145
2566, 0.000304, 0.000227, 0.000210
2567, 0.000304, 0.000176, 0.000160
2568, 0.000300, 0.000183, 0.000167
2569, 0.000298, 0.000215, 0.000198
2570, 0.000301, 0.000163, 0.000146
2571, 0.000307, 0.000234, 0.000214
2572, 0.000303, 0.000172, 0.000155
2573, 0.000298, 0.000193, 0.000174
2574, 0.000297, 0.000217, 0.000198
2575, 0.000299, 0.000158, 0.000143
2576, 0.000302, 0.000240, 0.000222
2577, 0.000305, 0.000159, 0.000144
2578, 0.000302, 0.000213, 0.000196
2579, 0.000299, 0.000188, 0.000171
2580, 0.000295, 0.000179, 0.000162
2581, 0.000295, 0.000203, 0.000185
2582, 0.000295, 0.000175, 0.000158
2583, 0.000294, 0.000197, 0.000180
2584, 0.000293, 0.000186, 0.000169
2585, 0.000293, 0.000184, 0.000167
2586, 0.000291, 0.000187, 0.000170
2587, 0.000294, 0.000197, 0.000180
2588, 0.000295, 0.000176, 0.000160
2589, 0.000295, 0.000216, 0.000198
2590, 0.000298, 0.000161, 0.000146
2591, 0.000297, 0.000234, 0.000213
2592, 0.000300, 0.000165, 0.000148
2593, 0.000296, 0.000207, 0.000188
2594, 0.000294, 0.000194, 0.000175
2595, 0.000295, 0.000172, 0.000156
2596, 0.000295, 0.000223, 0.000205
2597, 0.000297, 0.000165, 0.000149
2598, 0.000296, 0.000205, 0.000188
2599, 0.000296, 0.000188, 0.000171
2600, 0.000291, 0.000181, 0.000164
2601, 0.000293, 0.000207, 0.000189
2602, 0.000292, 0.000173, 0.000155
2603, 0.000291, 0.000199, 0.000180
2604, 0.000290, 0.000185, 0.000167
2605, 0.000294, 0.000193, 0.000175
2606, 0.000288, 0.000192, 0.000175
2607, 0.000289, 0.000171, 0.000155
2608, 0.000290, 0.000213, 0.000195
2609, 0.000289, 0.000165, 0.000149
2610, 0.000292, 0.000207, 0.000189
2611, 0.000291, 0.000182, 0.000165
2612, 0.000290, 0.000176, 0.000160
2613, 0.000290, 0.000212, 0.000195
2614, 0.000290, 0.000169, 0.000153
2615, 0.000290, 0.000207, 0.000189
2616, 0.000289, 0.000185, 0.000167
2617, 0.000287, 0.000184, 0.000166
2618, 0.000289, 0.000195, 0.000177
2619, 0.000288, 0.000174, 0.000156
2620, 0.000288, 0.000201, 0.000182
2621, 0.000287, 0.000174, 0.000156
2622, 0.000286, 0.000205, 0.000186
2623, 0.000287, 0.000172, 0.000156
2624, 0.000288, 0.000207, 0.000189
2625, 0.000289, 0.000172, 0.000156
2626, 0.000288, 0.000203, 0.000187
2627, 0.000288, 0.000177, 0.000161
2628, 0.000288, 0.000206, 0.000189
2629, 0.000288, 0.000177, 0.000161
2630, 0.000285, 0.000184, 0.000168
2631, 0.000285, 0.000187, 0.000171
2632, 0.000285, 0.000179, 0.000163
2633, 0.000284, 0.000192, 0.000176
2634, 0.000286, 0.000185, 0.000169
2635, 0.000284, 0.000183, 0.000166
2636, 0.000284, 0.000199, 0.000182
2637, 0.000283, 0.000180, 0.000163
2638, 0.000285, 0.000193, 0.000176
2639, 0.000284, 0.000188, 0.000171
2640, 0.000283, 0.000191, 0.000174
2641, 0.000282, 0.000185, 0.000169
2642, 0.000281, 0.000182, 0.000166
2643, 0.000283, 0.000202, 0.000185
2644, 0.000282, 0.000168, 0.000154
2645, 0.000286, 0.000216, 0.000199
2646, 0.000286, 0.000161, 0.000146
2647, 0.000286, 0.000228, 0.000210
2648, 0.000285, 0.000166, 0.000150
2649, 0.000284, 0.000200, 0.000183
2650, 0.000282, 0.000205, 0.000186
2651, 0.000282, 0.000152, 0.000136
2652, 0.000291, 0.000296, 0.000274
2653, 0.000305, 0.000136, 0.000122
2654, 0.000319, 0.000343, 0.000319
2655, 0.000325, 0.000136, 0.000122
2656, 0.000319, 0.000274, 0.000252
2657, 0.000302, 0.000154, 0.000138
2658, 0.000285, 0.000184, 0.000167
2659, 0.000279, 0.000232, 0.000212
2660, 0.000286, 0.000140, 0.000126
2661, 0.000298, 0.000277, 0.000257
2662, 0.000301, 0.000146, 0.000132
2663, 0.000289, 0.000196, 0.000180
2664, 0.000280, 0.000209, 0.000192
2665, 0.000282, 0.000142, 0.000128
2666, 0.000291, 0.000254, 0.000235
2667, 0.000290, 0.000151, 0.000136
2668, 0.000285, 0.000195, 0.000178
2669, 0.000279, 0.000184, 0.000168
2670, 0.000276, 0.000156, 0.000140
2671, 0.000279, 0.000214, 0.000196
2672, 0.000280, 0.000154, 0.000139
2673, 0.000279, 0.000192, 0.000176
2674, 0.000278, 0.000183, 0.000167
2675, 0.000276, 0.000164, 0.000149
2676, 0.000278, 0.000208, 0.000191
2677, 0.000277, 0.000152, 0.000137
2678, 0.000281, 0.000200, 0.000183
2679, 0.000277, 0.000178, 0.000162
2680, 0.000274, 0.000155, 0.000139
2681, 0.000276, 0.000213, 0.000194
2682, 0.000281, 0.000155, 0.000139
2683, 0.000280, 0.000189, 0.000172
2684, 0.000274, 0.000187, 0.000171
2685, 0.000273, 0.000161, 0.000145
2686, 0.000276, 0.000203, 0.000187
2687, 0.000278, 0.000156, 0.000141
2688, 0.000277, 0.000192, 0.000175
2689, 0.000271, 0.000180, 0.000164
2690, 0.000273, 0.000158, 0.000142
2691, 0.000274, 0.000219, 0.000201
2692, 0.000277, 0.000150, 0.000135
2693, 0.000278, 0.000189, 0.000171
2694, 0.000274, 0.000183, 0.000166
2695, 0.000271, 0.000158, 0.000143
2696, 0.000272, 0.000216, 0.000198
2697, 0.000275, 0.000150, 0.000136
2698, 0.000277, 0.000218, 0.000200
2699, 0.000274, 0.000158, 0.000143
2700, 0.000273, 0.000177, 0.000161
2701, 0.000269, 0.000189, 0.000172
2702, 0.000269, 0.000161, 0.000145
2703, 0.000271, 0.000194, 0.000177
2704, 0.000270, 0.000171, 0.000155
2705, 0.000269, 0.000168, 0.000153
2706, 0.000269, 0.000196, 0.000180
2707, 0.000270, 0.000159, 0.000144
2708, 0.000270, 0.000186, 0.000170
2709, 0.000269, 0.000179, 0.000163
2710, 0.000270, 0.000161, 0.000145
2711, 0.000271, 0.000206, 0.000189
2712, 0.000271, 0.000151, 0.000136
2713, 0.000274, 0.000214, 0.000196
2714, 0.000273, 0.000154, 0.000141
2715, 0.000271, 0.000191, 0.000176
2716, 0.000265, 0.000186, 0.000170
2717, 0.000265, 0.000155, 0.000141
2718, 0.000271, 0.000215, 0.000198
2719, 0.000274, 0.000140, 0.000126
2720, 0.000276, 0.000237, 0.000219
2721, 0.000277, 0.000149, 0.000134
2722, 0.000270, 0.000196, 0.000179
2723, 0.000266, 0.000188, 0.000172
2724, 0.000266, 0.000151, 0.000136
2725, 0.000271, 0.000239, 0.000220
2726, 0.000277, 0.000139, 0.000126
2727, 0.000280, 0.000232, 0.000213
2728, 0.000276, 0.000151, 0.000137
2729, 0.000269, 0.000180, 0.000164
2730, 0.000265, 0.000203, 0.000186
2731, 0.000266, 0.000138, 0.000124
2732, 0.000273, 0.000247, 0.000230
2733, 0.000279, 0.000144, 0.000130
2734, 0.000270, 0.000189, 0.000174
2735, 0.000263, 0.000196, 0.000181
2736, 0.000264, 0.000141, 0.000127
2737, 0.000272, 0.000226, 0.000209
2738, 0.000270, 0.000147, 0.000133
2739, 0.000265, 0.000178, 0.000161
2740, 0.000262, 0.000192, 0.000175
2741, 0.000264, 0.000145, 0.000129
2742, 0.000267, 0.000221, 0.000202
2743, 0.000266, 0.000154, 0.000139
2744, 0.000262, 0.000173, 0.000157
2745, 0.000262, 0.000197, 0.000180
2746, 0.000261, 0.000141, 0.000127
2747, 0.000267, 0.000230, 0.000213
2748, 0.000270, 0.000140, 0.000126
2749, 0.000268, 0.000201, 0.000186
2750, 0.000263, 0.000167, 0.000152
2751, 0.000259, 0.000150, 0.000135
2752, 0.000263, 0.000233, 0.000215
2753, 0.000271, 0.000130, 0.000117
2754, 0.000271, 0.000223, 0.000205
2755, 0.000266, 0.000154, 0.000139
2756, 0.000257, 0.000159, 0.000143
2757, 0.000260, 0.000214, 0.000195
2758, 0.000263, 0.000133, 0.000119
2759, 0.000269, 0.000232, 0.000214
2760, 0.000267, 0.000148, 0.000133
2761, 0.000261, 0.000175, 0.000160
2762, 0.000256, 0.000183, 0.000168
2763, 0.000255, 0.000147, 0.000133
2764, 0.000258, 0.000189, 0.000173
2765, 0.000258, 0.000166, 0.000151
2766, 0.000257, 0.000154, 0.000139
2767, 0.000257, 0.000204, 0.000188
2768, 0.000260, 0.000138, 0.000125
2769, 0.000261, 0.000194, 0.000178
2770, 0.000257, 0.000161, 0.000147
2771, 0.000253, 0.000151, 0.000137
2772, 0.000256, 0.000203, 0.000186
2773, 0.000258, 0.000136, 0.000123
2774, 0.000259, 0.000210, 0.000192
2775, 0.000258, nan, nan
