Epoch, Train Loss, Valid Loss, Test Loss
1, 0.493216, 0.542096, 0.543740
2, 0.424162, 0.475903, 0.478210
3, 0.371485, 0.417423, 0.420614
4, 0.332295, 0.369342, 0.373116
5, 0.302490, 0.331271, 0.335570
6, 0.279256, 0.307016, 0.311386
7, 0.263524, 0.287242, 0.291613
8, 0.249488, 0.269963, 0.274221
9, 0.236007, 0.252763, 0.256665
10, 0.221849, 0.235821, 0.239400
11, 0.207479, 0.219293, 0.222533
12, 0.192991, 0.203244, 0.206095
13, 0.178596, 0.188401, 0.190899
14, 0.165124, 0.174320, 0.176538
15, 0.152484, 0.160736, 0.162722
16, 0.140442, 0.147808, 0.149592
17, 0.129040, 0.135417, 0.137018
18, 0.118169, 0.123346, 0.124792
19, 0.107659, 0.111528, 0.112852
20, 0.097452, 0.100068, 0.101298
21, 0.087625, 0.089145, 0.090293
22, 0.078290, 0.078970, 0.080041
23, 0.069574, 0.069721, 0.070712
24, 0.061597, 0.061441, 0.062349
25, 0.054421, 0.054089, 0.054916
26, 0.048030, 0.047607, 0.048364
27, 0.042366, 0.041937, 0.042633
28, 0.037385, 0.037020, 0.037662
29, 0.033040, 0.032722, 0.033315
30, 0.029235, 0.028903, 0.029453
31, 0.025900, 0.025518, 0.026029
32, 0.022920, 0.022557, 0.023031
33, 0.020353, 0.020008, 0.020448
34, 0.018108, 0.017821, 0.018231
35, 0.016185, 0.015959, 0.016341
36, 0.014553, 0.014377, 0.014738
37, 0.013165, 0.013045, 0.013388
38, 0.011999, 0.011915, 0.012243
39, 0.011003, 0.010946, 0.011261
40, 0.010143, 0.010093, 0.010396
41, 0.009380, 0.009319, 0.009611
42, 0.008714, 0.008601, 0.008883
43, 0.008093, 0.007962, 0.008234
44, 0.007547, 0.007389, 0.007649
45, 0.007053, 0.006873, 0.007123
46, 0.006609, 0.006408, 0.006649
47, 0.006225, 0.005990, 0.006224
48, 0.005879, 0.005624, 0.005851
49, 0.005580, 0.005311, 0.005533
50, 0.005319, 0.005048, 0.005264
51, 0.005094, 0.004822, 0.005030
52, 0.004888, 0.004617, 0.004818
53, 0.004701, 0.004433, 0.004626
54, 0.004540, 0.004265, 0.004451
55, 0.004394, 0.004117, 0.004297
56, 0.004258, 0.003987, 0.004161
57, 0.004141, 0.003866, 0.004035
58, 0.004038, 0.003761, 0.003926
59, 0.003951, 0.003677, 0.003837
60, 0.003880, 0.003609, 0.003764
61, 0.003811, 0.003544, 0.003694
62, 0.003748, 0.003477, 0.003623
63, 0.003700, 0.003413, 0.003555
64, 0.003653, 0.003351, 0.003489
65, 0.003605, 0.003302, 0.003436
66, 0.003557, 0.003257, 0.003387
67, 0.003507, 0.003219, 0.003346
68, 0.003485, 0.003174, 0.003297
69, 0.003445, 0.003133, 0.003253
70, 0.003425, 0.003102, 0.003218
71, 0.003388, 0.003081, 0.003195
72, 0.003361, 0.003058, 0.003169
73, 0.003344, 0.003033, 0.003141
74, 0.003322, 0.003008, 0.003113
75, 0.003305, 0.002985, 0.003087
76, 0.003280, 0.002967, 0.003067
77, 0.003271, 0.002954, 0.003050
78, 0.003256, 0.002945, 0.003038
79, 0.003241, 0.002932, 0.003022
80, 0.003224, 0.002914, 0.003003
81, 0.003214, 0.002897, 0.002983
82, 0.003204, 0.002882, 0.002967
83, 0.003195, 0.002877, 0.002959
84, 0.003180, 0.002879, 0.002957
85, 0.003179, 0.002868, 0.002944
86, 0.003163, 0.002857, 0.002930
87, 0.003155, 0.002844, 0.002916
88, 0.003148, 0.002834, 0.002904
89, 0.003141, 0.002828, 0.002897
90, 0.003138, 0.002820, 0.002887
91, 0.003123, 0.002812, 0.002876
92, 0.003122, 0.002809, 0.002871
93, 0.003123, 0.002809, 0.002868
94, 0.003110, 0.002805, 0.002861
95, 0.003103, 0.002798, 0.002852
96, 0.003091, 0.002790, 0.002843
97, 0.003093, 0.002781, 0.002833
98, 0.003087, 0.002776, 0.002827
99, 0.003077, 0.002779, 0.002827
100, 0.003078, 0.002781, 0.002828
101, 0.003073, 0.002778, 0.002823
102, 0.003061, 0.002768, 0.002813
103, 0.003062, 0.002759, 0.002802
104, 0.003060, 0.002756, 0.002797
105, 0.003051, 0.002759, 0.002799
106, 0.003046, 0.002762, 0.002800
107, 0.003047, 0.002758, 0.002795
108, 0.003037, 0.002750, 0.002786
109, 0.003032, 0.002742, 0.002777
110, 0.003032, 0.002742, 0.002775
111, 0.003029, 0.002746, 0.002777
112, 0.003030, 0.002740, 0.002770
113, 0.003021, 0.002736, 0.002765
114, 0.003018, 0.002731, 0.002760
115, 0.003022, 0.002731, 0.002759
116, 0.003003, 0.002730, 0.002757
117, 0.003003, 0.002726, 0.002752
118, 0.002999, 0.002723, 0.002748
119, 0.003000, 0.002723, 0.002747
120, 0.002998, 0.002723, 0.002746
121, 0.002991, 0.002721, 0.002743
122, 0.002993, 0.002718, 0.002739
123, 0.002990, 0.002716, 0.002736
124, 0.002986, 0.002713, 0.002732
125, 0.002985, 0.002715, 0.002732
126, 0.002979, 0.002713, 0.002730
127, 0.002977, 0.002703, 0.002720
128, 0.002977, 0.002701, 0.002717
129, 0.002975, 0.002702, 0.002717
130, 0.002969, 0.002708, 0.002721
131, 0.002968, 0.002706, 0.002718
132, 0.002959, 0.002702, 0.002713
133, 0.002955, 0.002696, 0.002708
134, 0.002953, 0.002695, 0.002706
135, 0.002947, 0.002695, 0.002704
136, 0.002950, 0.002694, 0.002702
137, 0.002950, 0.002696, 0.002704
138, 0.002942, 0.002693, 0.002700
139, 0.002940, 0.002691, 0.002698
140, 0.002934, 0.002686, 0.002692
141, 0.002930, 0.002684, 0.002690
142, 0.002926, 0.002683, 0.002689
143, 0.002922, 0.002685, 0.002690
144, 0.002924, 0.002685, 0.002690
145, 0.002919, 0.002687, 0.002690
146, 0.002914, 0.002683, 0.002686
147, 0.002916, 0.002679, 0.002681
148, 0.002907, 0.002674, 0.002677
149, 0.002917, 0.002672, 0.002675
150, 0.002907, 0.002672, 0.002674
151, 0.002901, 0.002674, 0.002675
152, 0.002902, 0.002673, 0.002673
153, 0.002893, 0.002673, 0.002672
154, 0.002901, 0.002670, 0.002669
155, 0.002894, 0.002668, 0.002667
156, 0.002890, 0.002668, 0.002667
157, 0.002888, 0.002669, 0.002667
158, 0.002884, 0.002667, 0.002663
159, 0.002883, 0.002668, 0.002664
160, 0.002881, 0.002663, 0.002660
161, 0.002879, 0.002664, 0.002660
162, 0.002869, 0.002660, 0.002656
163, 0.002875, 0.002658, 0.002653
164, 0.002870, 0.002657, 0.002652
165, 0.002865, 0.002658, 0.002652
166, 0.002866, 0.002659, 0.002652
167, 0.002858, 0.002660, 0.002653
168, 0.002860, 0.002657, 0.002650
169, 0.002854, 0.002655, 0.002647
170, 0.002861, 0.002652, 0.002644
171, 0.002855, 0.002652, 0.002643
172, 0.002851, 0.002649, 0.002640
173, 0.002845, 0.002649, 0.002640
174, 0.002847, 0.002649, 0.002639
175, 0.002843, 0.002647, 0.002638
176, 0.002842, 0.002647, 0.002637
177, 0.002834, 0.002647, 0.002636
178, 0.002837, 0.002645, 0.002635
179, 0.002831, 0.002646, 0.002635
180, 0.002828, 0.002644, 0.002633
181, 0.002830, 0.002643, 0.002632
182, 0.002822, 0.002641, 0.002630
183, 0.002822, 0.002638, 0.002626
184, 0.002820, 0.002637, 0.002624
185, 0.002817, 0.002638, 0.002624
186, 0.002815, 0.002640, 0.002626
187, 0.002816, 0.002637, 0.002624
188, 0.002809, 0.002637, 0.002623
189, 0.002809, 0.002634, 0.002619
190, 0.002810, 0.002636, 0.002621
191, 0.002804, 0.002633, 0.002619
192, 0.002802, 0.002631, 0.002617
193, 0.002797, 0.002628, 0.002614
194, 0.002795, 0.002625, 0.002610
195, 0.002793, 0.002626, 0.002610
196, 0.002794, 0.002626, 0.002611
197, 0.002795, 0.002627, 0.002611
198, 0.002790, 0.002624, 0.002608
199, 0.002781, 0.002621, 0.002605
200, 0.002783, 0.002620, 0.002603
201, 0.002777, 0.002620, 0.002604
202, 0.002777, 0.002622, 0.002606
203, 0.002778, 0.002622, 0.002605
204, 0.002771, 0.002618, 0.002601
205, 0.002777, 0.002615, 0.002597
206, 0.002772, 0.002613, 0.002595
207, 0.002768, 0.002612, 0.002594
208, 0.002766, 0.002612, 0.002595
209, 0.002765, 0.002611, 0.002594
210, 0.002757, 0.002610, 0.002592
211, 0.002761, 0.002609, 0.002590
212, 0.002759, 0.002610, 0.002591
213, 0.002757, 0.002609, 0.002590
214, 0.002749, 0.002606, 0.002588
215, 0.002754, 0.002604, 0.002585
216, 0.002749, 0.002603, 0.002584
217, 0.002747, 0.002602, 0.002582
218, 0.002749, 0.002602, 0.002582
219, 0.002742, 0.002600, 0.002580
220, 0.002740, 0.002598, 0.002579
221, 0.002740, 0.002596, 0.002577
222, 0.002740, 0.002595, 0.002575
223, 0.002735, 0.002594, 0.002574
224, 0.002734, 0.002594, 0.002573
225, 0.002729, 0.002593, 0.002572
226, 0.002725, 0.002591, 0.002571
227, 0.002726, 0.002589, 0.002569
228, 0.002728, 0.002588, 0.002567
229, 0.002721, 0.002588, 0.002566
230, 0.002719, 0.002587, 0.002565
231, 0.002718, 0.002584, 0.002563
232, 0.002715, 0.002583, 0.002562
233, 0.002713, 0.002582, 0.002560
234, 0.002711, 0.002582, 0.002560
235, 0.002712, 0.002579, 0.002557
236, 0.002710, 0.002577, 0.002556
237, 0.002711, 0.002575, 0.002554
238, 0.002707, 0.002575, 0.002553
239, 0.002701, 0.002575, 0.002552
240, 0.002704, 0.002573, 0.002550
241, 0.002698, 0.002570, 0.002548
242, 0.002697, 0.002567, 0.002545
243, 0.002697, 0.002565, 0.002542
244, 0.002691, 0.002565, 0.002541
245, 0.002690, 0.002565, 0.002541
246, 0.002689, 0.002563, 0.002540
247, 0.002684, 0.002561, 0.002538
248, 0.002682, 0.002558, 0.002534
249, 0.002685, 0.002556, 0.002532
250, 0.002679, 0.002554, 0.002531
251, 0.002678, 0.002554, 0.002531
252, 0.002675, 0.002554, 0.002530
253, 0.002675, 0.002551, 0.002527
254, 0.002679, 0.002549, 0.002525
255, 0.002669, 0.002547, 0.002523
256, 0.002669, 0.002546, 0.002522
257, 0.002668, 0.002545, 0.002521
258, 0.002662, 0.002545, 0.002520
259, 0.002665, 0.002543, 0.002518
260, 0.002660, 0.002539, 0.002514
261, 0.002657, 0.002536, 0.002511
262, 0.002654, 0.002535, 0.002511
263, 0.002653, 0.002535, 0.002509
264, 0.002653, 0.002534, 0.002508
265, 0.002648, 0.002531, 0.002506
266, 0.002648, 0.002527, 0.002502
267, 0.002645, 0.002525, 0.002499
268, 0.002645, 0.002524, 0.002498
269, 0.002639, 0.002525, 0.002499
270, 0.002639, 0.002523, 0.002497
271, 0.002639, 0.002521, 0.002494
272, 0.002637, 0.002518, 0.002492
273, 0.002633, 0.002516, 0.002489
274, 0.002633, 0.002513, 0.002486
275, 0.002627, 0.002513, 0.002486
276, 0.002623, 0.002513, 0.002487
277, 0.002625, 0.002510, 0.002483
278, 0.002623, 0.002509, 0.002481
279, 0.002622, 0.002506, 0.002479
280, 0.002617, 0.002504, 0.002477
281, 0.002619, 0.002501, 0.002474
282, 0.002619, 0.002500, 0.002473
283, 0.002616, 0.002500, 0.002473
284, 0.002616, 0.002500, 0.002473
285, 0.002611, 0.002497, 0.002470
286, 0.002610, 0.002494, 0.002467
287, 0.002609, 0.002490, 0.002462
288, 0.002601, 0.002489, 0.002462
289, 0.002604, 0.002490, 0.002462
290, 0.002604, 0.002487, 0.002459
291, 0.002601, 0.002487, 0.002459
292, 0.002595, 0.002489, 0.002462
293, 0.002598, 0.002485, 0.002457
294, 0.002598, 0.002480, 0.002452
295, 0.002594, 0.002480, 0.002452
296, 0.002589, 0.002482, 0.002454
297, 0.002592, 0.002480, 0.002452
298, 0.002590, 0.002476, 0.002447
299, 0.002584, 0.002474, 0.002445
300, 0.002586, 0.002475, 0.002446
301, 0.002587, 0.002473, 0.002444
302, 0.002583, 0.002471, 0.002442
303, 0.002581, 0.002472, 0.002444
304, 0.002585, 0.002472, 0.002443
305, 0.002582, 0.002468, 0.002438
306, 0.002578, 0.002465, 0.002435
307, 0.002575, 0.002468, 0.002439
308, 0.002576, 0.002465, 0.002436
309, 0.002574, 0.002462, 0.002433
310, 0.002570, 0.002462, 0.002434
311, 0.002572, 0.002464, 0.002435
312, 0.002571, 0.002461, 0.002433
313, 0.002569, 0.002461, 0.002432
314, 0.002569, 0.002460, 0.002431
315, 0.002566, 0.002459, 0.002430
316, 0.002566, 0.002457, 0.002428
317, 0.002562, 0.002455, 0.002426
318, 0.002565, 0.002455, 0.002426
319, 0.002563, 0.002455, 0.002426
320, 0.002563, 0.002454, 0.002425
321, 0.002563, 0.002452, 0.002423
322, 0.002560, 0.002454, 0.002425
323, 0.002562, 0.002456, 0.002427
324, 0.002561, 0.002452, 0.002422
325, 0.002558, 0.002449, 0.002420
326, 0.002556, 0.002448, 0.002418
327, 0.002555, 0.002448, 0.002418
328, 0.002552, 0.002447, 0.002418
329, 0.002555, 0.002448, 0.002418
330, 0.002555, 0.002446, 0.002417
331, 0.002551, 0.002448, 0.002418
332, 0.002553, 0.002446, 0.002417
333, 0.002550, 0.002446, 0.002417
334, 0.002549, 0.002443, 0.002414
335, 0.002546, 0.002442, 0.002413
336, 0.002546, 0.002447, 0.002418
337, 0.002547, 0.002444, 0.002415
338, 0.002548, 0.002438, 0.002409
339, 0.002546, 0.002440, 0.002411
340, 0.002546, 0.002444, 0.002415
341, 0.002544, 0.002439, 0.002410
342, 0.002541, 0.002439, 0.002410
343, 0.002544, 0.002444, 0.002415
344, 0.002539, 0.002437, 0.002407
345, 0.002538, 0.002433, 0.002403
346, 0.002540, 0.002439, 0.002408
347, 0.002539, 0.002439, 0.002409
348, 0.002538, 0.002435, 0.002405
349, 0.002542, 0.002436, 0.002406
350, 0.002538, 0.002437, 0.002407
351, 0.002536, 0.002432, 0.002403
352, 0.002537, 0.002432, 0.002402
353, 0.002535, 0.002433, 0.002404
354, 0.002534, 0.002432, 0.002403
355, 0.002535, 0.002430, 0.002401
356, 0.002533, 0.002432, 0.002402
357, 0.002534, 0.002429, 0.002400
358, 0.002531, 0.002428, 0.002399
359, 0.002529, 0.002429, 0.002399
360, 0.002532, 0.002434, 0.002404
361, 0.002532, 0.002426, 0.002397
362, 0.002531, 0.002425, 0.002395
363, 0.002530, 0.002428, 0.002398
364, 0.002525, 0.002427, 0.002396
365, 0.002529, 0.002422, 0.002393
366, 0.002529, 0.002425, 0.002395
367, 0.002525, 0.002426, 0.002396
368, 0.002524, 0.002422, 0.002392
369, 0.002525, 0.002422, 0.002392
370, 0.002524, 0.002425, 0.002395
371, 0.002526, 0.002422, 0.002392
372, 0.002527, 0.002420, 0.002391
373, 0.002524, 0.002423, 0.002393
374, 0.002522, 0.002420, 0.002390
375, 0.002521, 0.002420, 0.002390
376, 0.002520, 0.002423, 0.002393
377, 0.002521, 0.002419, 0.002390
378, 0.002522, 0.002419, 0.002389
379, 0.002523, 0.002420, 0.002390
380, 0.002518, 0.002417, 0.002387
381, 0.002516, 0.002418, 0.002388
382, 0.002517, 0.002419, 0.002388
383, 0.002517, 0.002416, 0.002386
384, 0.002522, 0.002416, 0.002386
385, 0.002517, 0.002419, 0.002389
386, 0.002515, 0.002415, 0.002385
387, 0.002516, 0.002414, 0.002384
388, 0.002514, 0.002413, 0.002383
389, 0.002514, 0.002418, 0.002387
390, 0.002515, 0.002415, 0.002384
391, 0.002515, 0.002413, 0.002382
392, 0.002513, 0.002418, 0.002387
393, 0.002514, 0.002412, 0.002382
394, 0.002511, 0.002411, 0.002381
395, 0.002508, 0.002414, 0.002383
396, 0.002511, 0.002415, 0.002385
397, 0.002509, 0.002410, 0.002381
398, 0.002510, 0.002413, 0.002382
399, 0.002511, 0.002412, 0.002381
400, 0.002512, 0.002406, 0.002377
401, 0.002508, 0.002409, 0.002379
402, 0.002504, 0.002415, 0.002384
403, 0.002508, 0.002409, 0.002380
404, 0.002509, 0.002407, 0.002378
405, 0.002507, 0.002411, 0.002380
406, 0.002506, 0.002409, 0.002378
407, 0.002506, 0.002404, 0.002375
408, 0.002504, 0.002408, 0.002377
409, 0.002506, 0.002408, 0.002377
410, 0.002502, 0.002407, 0.002376
411, 0.002503, 0.002406, 0.002375
412, 0.002502, 0.002408, 0.002377
413, 0.002504, 0.002405, 0.002374
414, 0.002501, 0.002405, 0.002374
415, 0.002500, 0.002406, 0.002375
416, 0.002505, 0.002404, 0.002374
417, 0.002499, 0.002405, 0.002374
418, 0.002499, 0.002401, 0.002371
419, 0.002502, 0.002405, 0.002375
420, 0.002496, 0.002407, 0.002377
421, 0.002497, 0.002401, 0.002372
422, 0.002501, 0.002402, 0.002372
423, 0.002499, 0.002411, 0.002380
424, 0.002501, 0.002400, 0.002370
425, 0.002501, 0.002399, 0.002370
426, 0.002501, 0.002418, 0.002385
427, 0.002498, 0.002401, 0.002371
428, 0.002500, 0.002399, 0.002370
429, 0.002502, 0.002410, 0.002377
430, 0.002502, 0.002401, 0.002370
431, 0.002494, 0.002398, 0.002369
432, 0.002498, 0.002403, 0.002371
433, 0.002496, 0.002409, 0.002376
434, 0.002498, 0.002398, 0.002369
435, 0.002497, 0.002405, 0.002373
436, 0.002491, 0.002412, 0.002379
437, 0.002495, 0.002398, 0.002368
438, 0.002497, 0.002398, 0.002367
439, 0.002491, 0.002404, 0.002373
440, 0.002494, 0.002395, 0.002366
441, 0.002493, 0.002396, 0.002366
442, 0.002495, 0.002404, 0.002372
443, 0.002495, 0.002397, 0.002367
444, 0.002492, 0.002398, 0.002368
445, 0.002488, 0.002401, 0.002369
446, 0.002491, 0.002397, 0.002366
447, 0.002492, 0.002394, 0.002364
448, 0.002491, 0.002402, 0.002370
449, 0.002490, 0.002398, 0.002367
450, 0.002488, 0.002394, 0.002364
451, 0.002489, 0.002397, 0.002366
452, 0.002489, 0.002398, 0.002366
453, 0.002486, 0.002393, 0.002362
454, 0.002492, 0.002395, 0.002364
455, 0.002488, 0.002401, 0.002369
456, 0.002488, 0.002394, 0.002364
457, 0.002484, 0.002394, 0.002363
458, 0.002487, 0.002396, 0.002364
459, 0.002490, 0.002398, 0.002367
460, 0.002487, 0.002392, 0.002362
461, 0.002487, 0.002393, 0.002362
462, 0.002484, 0.002395, 0.002364
463, 0.002487, 0.002391, 0.002361
464, 0.002484, 0.002394, 0.002363
465, 0.002484, 0.002397, 0.002365
466, 0.002484, 0.002390, 0.002360
467, 0.002487, 0.002394, 0.002363
468, 0.002483, 0.002402, 0.002370
469, 0.002487, 0.002389, 0.002360
470, 0.002488, 0.002392, 0.002361
471, 0.002481, 0.002399, 0.002367
472, 0.002488, 0.002389, 0.002359
473, 0.002483, 0.002390, 0.002360
474, 0.002481, 0.002395, 0.002364
475, 0.002486, 0.002390, 0.002359
476, 0.002485, 0.002390, 0.002360
477, 0.002478, 0.002398, 0.002366
478, 0.002482, 0.002388, 0.002358
479, 0.002485, 0.002389, 0.002358
480, 0.002480, 0.002393, 0.002361
481, 0.002481, 0.002387, 0.002357
482, 0.002479, 0.002390, 0.002359
483, 0.002479, 0.002391, 0.002360
484, 0.002479, 0.002392, 0.002360
485, 0.002478, 0.002388, 0.002357
486, 0.002484, 0.002394, 0.002361
487, 0.002481, 0.002389, 0.002357
488, 0.002479, 0.002387, 0.002356
489, 0.002479, 0.002394, 0.002361
490, 0.002480, 0.002390, 0.002358
491, 0.002476, 0.002385, 0.002355
492, 0.002478, 0.002389, 0.002357
493, 0.002476, 0.002390, 0.002358
494, 0.002478, 0.002385, 0.002355
495, 0.002477, 0.002392, 0.002360
496, 0.002478, 0.002392, 0.002361
497, 0.002479, 0.002384, 0.002355
498, 0.002478, 0.002389, 0.002358
499, 0.002476, 0.002391, 0.002359
500, 0.002476, 0.002383, 0.002353
501, 0.002474, 0.002390, 0.002359
502, 0.002475, 0.002388, 0.002357
503, 0.002476, 0.002382, 0.002353
504, 0.002474, 0.002385, 0.002355
505, 0.002473, 0.002392, 0.002360
506, 0.002477, 0.002381, 0.002352
507, 0.002478, 0.002388, 0.002357
508, 0.002473, 0.002393, 0.002361
509, 0.002476, 0.002383, 0.002354
510, 0.002474, 0.002387, 0.002356
511, 0.002473, 0.002396, 0.002363
512, 0.002478, 0.002380, 0.002351
513, 0.002477, 0.002388, 0.002357
514, 0.002474, 0.002388, 0.002357
515, 0.002474, 0.002381, 0.002351
516, 0.002473, 0.002387, 0.002355
517, 0.002467, 0.002391, 0.002360
518, 0.002474, 0.002380, 0.002350
519, 0.002473, 0.002390, 0.002357
520, 0.002472, 0.002387, 0.002354
521, 0.002470, 0.002380, 0.002349
522, 0.002471, 0.002389, 0.002356
523, 0.002471, 0.002386, 0.002354
524, 0.002472, 0.002379, 0.002349
525, 0.002469, 0.002387, 0.002354
526, 0.002470, 0.002386, 0.002354
527, 0.002468, 0.002380, 0.002349
528, 0.002470, 0.002387, 0.002355
529, 0.002467, 0.002378, 0.002348
530, 0.002466, 0.002378, 0.002348
531, 0.002466, 0.002393, 0.002361
532, 0.002470, 0.002378, 0.002349
533, 0.002469, 0.002380, 0.002350
534, 0.002466, 0.002385, 0.002354
535, 0.002466, 0.002382, 0.002352
536, 0.002467, 0.002379, 0.002349
537, 0.002467, 0.002383, 0.002351
538, 0.002471, 0.002382, 0.002350
539, 0.002467, 0.002377, 0.002347
540, 0.002465, 0.002384, 0.002352
541, 0.002465, 0.002381, 0.002349
542, 0.002464, 0.002375, 0.002345
543, 0.002468, 0.002381, 0.002350
544, 0.002467, 0.002380, 0.002349
545, 0.002462, 0.002375, 0.002345
546, 0.002462, 0.002379, 0.002348
547, 0.002465, 0.002377, 0.002346
548, 0.002460, 0.002378, 0.002348
549, 0.002463, 0.002381, 0.002350
550, 0.002461, 0.002378, 0.002347
551, 0.002462, 0.002378, 0.002347
552, 0.002459, 0.002373, 0.002343
553, 0.002463, 0.002382, 0.002351
554, 0.002461, 0.002373, 0.002343
555, 0.002465, 0.002379, 0.002348
556, 0.002458, 0.002375, 0.002345
557, 0.002459, 0.002374, 0.002344
558, 0.002461, 0.002377, 0.002346
559, 0.002457, 0.002376, 0.002345
560, 0.002459, 0.002375, 0.002345
561, 0.002461, 0.002377, 0.002347
562, 0.002457, 0.002374, 0.002344
563, 0.002459, 0.002376, 0.002345
564, 0.002461, 0.002370, 0.002341
565, 0.002460, 0.002376, 0.002345
566, 0.002458, 0.002377, 0.002346
567, 0.002457, 0.002372, 0.002341
568, 0.002458, 0.002377, 0.002345
569, 0.002460, 0.002374, 0.002343
570, 0.002454, 0.002368, 0.002338
571, 0.002456, 0.002373, 0.002342
572, 0.002455, 0.002372, 0.002341
573, 0.002452, 0.002372, 0.002341
574, 0.002453, 0.002375, 0.002344
575, 0.002456, 0.002368, 0.002338
576, 0.002457, 0.002375, 0.002344
577, 0.002458, 0.002375, 0.002344
578, 0.002454, 0.002366, 0.002337
579, 0.002459, 0.002375, 0.002344
580, 0.002454, 0.002371, 0.002340
581, 0.002455, 0.002366, 0.002337
582, 0.002453, 0.002372, 0.002341
583, 0.002454, 0.002373, 0.002342
584, 0.002454, 0.002368, 0.002337
585, 0.002452, 0.002369, 0.002338
586, 0.002452, 0.002374, 0.002342
587, 0.002454, 0.002363, 0.002334
588, 0.002454, 0.002375, 0.002343
589, 0.002453, 0.002366, 0.002335
590, 0.002451, 0.002365, 0.002335
591, 0.002450, 0.002375, 0.002343
592, 0.002451, 0.002368, 0.002337
593, 0.002447, 0.002364, 0.002334
594, 0.002448, 0.002373, 0.002342
595, 0.002448, 0.002362, 0.002333
596, 0.002453, 0.002368, 0.002338
597, 0.002447, 0.002370, 0.002339
598, 0.002449, 0.002361, 0.002332
599, 0.002448, 0.002365, 0.002335
600, 0.002446, 0.002373, 0.002342
601, 0.002452, 0.002357, 0.002329
602, 0.002452, 0.002370, 0.002339
603, 0.002450, 0.002368, 0.002336
604, 0.002447, 0.002359, 0.002330
605, 0.002446, 0.002384, 0.002350
606, 0.002450, 0.002360, 0.002330
607, 0.002444, 0.002357, 0.002328
608, 0.002444, 0.002381, 0.002348
609, 0.002449, 0.002357, 0.002328
610, 0.002449, 0.002360, 0.002330
611, 0.002443, 0.002377, 0.002345
612, 0.002447, 0.002354, 0.002325
613, 0.002449, 0.002371, 0.002338
614, 0.002443, 0.002361, 0.002330
615, 0.002441, 0.002354, 0.002325
616, 0.002442, 0.002368, 0.002336
617, 0.002448, 0.002359, 0.002328
618, 0.002439, 0.002353, 0.002324
619, 0.002441, 0.002367, 0.002335
620, 0.002440, 0.002353, 0.002324
621, 0.002439, 0.002354, 0.002325
622, 0.002438, 0.002360, 0.002329
623, 0.002441, 0.002355, 0.002326
624, 0.002442, 0.002357, 0.002327
625, 0.002439, 0.002358, 0.002327
626, 0.002438, 0.002357, 0.002326
627, 0.002433, 0.002351, 0.002322
628, 0.002436, 0.002353, 0.002323
629, 0.002438, 0.002360, 0.002328
630, 0.002435, 0.002355, 0.002324
631, 0.002435, 0.002349, 0.002319
632, 0.002434, 0.002362, 0.002330
633, 0.002439, 0.002347, 0.002318
634, 0.002434, 0.002352, 0.002322
635, 0.002433, 0.002354, 0.002323
636, 0.002434, 0.002343, 0.002314
637, 0.002435, 0.002354, 0.002323
638, 0.002433, 0.002356, 0.002325
639, 0.002433, 0.002344, 0.002316
640, 0.002431, 0.002359, 0.002328
641, 0.002431, 0.002346, 0.002317
642, 0.002429, 0.002341, 0.002312
643, 0.002433, 0.002361, 0.002329
644, 0.002432, 0.002338, 0.002311
645, 0.002434, 0.002350, 0.002319
646, 0.002428, 0.002352, 0.002321
647, 0.002427, 0.002339, 0.002311
648, 0.002430, 0.002349, 0.002319
649, 0.002425, 0.002345, 0.002314
650, 0.002428, 0.002338, 0.002309
651, 0.002426, 0.002342, 0.002312
652, 0.002426, 0.002344, 0.002313
653, 0.002421, 0.002338, 0.002308
654, 0.002421, 0.002343, 0.002312
655, 0.002424, 0.002337, 0.002307
656, 0.002423, 0.002341, 0.002311
657, 0.002420, 0.002337, 0.002307
658, 0.002422, 0.002338, 0.002308
659, 0.002421, 0.002345, 0.002314
660, 0.002421, 0.002331, 0.002301
661, 0.002421, 0.002338, 0.002307
662, 0.002419, 0.002333, 0.002303
663, 0.002418, 0.002335, 0.002304
664, 0.002420, 0.002334, 0.002304
665, 0.002420, 0.002335, 0.002304
666, 0.002416, 0.002333, 0.002303
667, 0.002419, 0.002333, 0.002303
668, 0.002412, 0.002329, 0.002299
669, 0.002411, 0.002332, 0.002301
670, 0.002413, 0.002328, 0.002298
671, 0.002413, 0.002333, 0.002302
672, 0.002411, 0.002324, 0.002295
673, 0.002411, 0.002335, 0.002303
674, 0.002415, 0.002321, 0.002292
675, 0.002411, 0.002324, 0.002295
676, 0.002410, 0.002329, 0.002299
677, 0.002409, 0.002320, 0.002292
678, 0.002410, 0.002335, 0.002304
679, 0.002410, 0.002319, 0.002291
680, 0.002408, 0.002325, 0.002295
681, 0.002407, 0.002323, 0.002293
682, 0.002409, 0.002314, 0.002285
683, 0.002406, 0.002321, 0.002291
684, 0.002405, 0.002313, 0.002284
685, 0.002402, 0.002322, 0.002291
686, 0.002404, 0.002324, 0.002293
687, 0.002399, 0.002308, 0.002281
688, 0.002403, 0.002328, 0.002297
689, 0.002404, 0.002313, 0.002284
690, 0.002399, 0.002304, 0.002277
691, 0.002399, 0.002329, 0.002298
692, 0.002404, 0.002302, 0.002275
693, 0.002400, 0.002319, 0.002289
694, 0.002395, 0.002307, 0.002279
695, 0.002396, 0.002301, 0.002273
696, 0.002391, 0.002317, 0.002286
697, 0.002398, 0.002297, 0.002269
698, 0.002392, 0.002318, 0.002287
699, 0.002393, 0.002302, 0.002273
700, 0.002390, 0.002299, 0.002270
701, 0.002391, 0.002309, 0.002278
702, 0.002387, 0.002292, 0.002264
703, 0.002387, 0.002310, 0.002280
704, 0.002388, 0.002294, 0.002265
705, 0.002383, 0.002292, 0.002263
706, 0.002387, 0.002306, 0.002275
707, 0.002385, 0.002285, 0.002258
708, 0.002381, 0.002298, 0.002268
709, 0.002379, 0.002292, 0.002263
710, 0.002378, 0.002280, 0.002253
711, 0.002381, 0.002312, 0.002281
712, 0.002384, 0.002279, 0.002252
713, 0.002376, 0.002287, 0.002257
714, 0.002375, 0.002288, 0.002258
715, 0.002370, 0.002277, 0.002249
716, 0.002369, 0.002282, 0.002252
717, 0.002368, 0.002282, 0.002253
718, 0.002369, 0.002272, 0.002244
719, 0.002370, 0.002281, 0.002251
720, 0.002365, 0.002277, 0.002248
721, 0.002366, 0.002269, 0.002241
722, 0.002361, 0.002273, 0.002244
723, 0.002359, 0.002269, 0.002240
724, 0.002363, 0.002264, 0.002236
725, 0.002358, 0.002263, 0.002235
726, 0.002357, 0.002273, 0.002244
727, 0.002355, 0.002256, 0.002229
728, 0.002356, 0.002269, 0.002239
729, 0.002353, 0.002258, 0.002229
730, 0.002355, 0.002253, 0.002224
731, 0.002348, 0.002265, 0.002234
732, 0.002353, 0.002249, 0.002220
733, 0.002349, 0.002256, 0.002226
734, 0.002344, 0.002256, 0.002226
735, 0.002343, 0.002241, 0.002214
736, 0.002346, 0.002259, 0.002228
737, 0.002344, 0.002237, 0.002210
738, 0.002339, 0.002240, 0.002212
739, 0.002333, 0.002249, 0.002219
740, 0.002336, 0.002232, 0.002205
741, 0.002336, 0.002245, 0.002216
742, 0.002334, 0.002230, 0.002202
743, 0.002330, 0.002229, 0.002201
744, 0.002329, 0.002239, 0.002209
745, 0.002330, 0.002219, 0.002193
746, 0.002328, 0.002241, 0.002210
747, 0.002327, 0.002219, 0.002191
748, 0.002319, 0.002218, 0.002189
749, 0.002318, 0.002223, 0.002194
750, 0.002315, 0.002210, 0.002182
751, 0.002312, 0.002215, 0.002186
752, 0.002311, 0.002215, 0.002185
753, 0.002310, 0.002203, 0.002175
754, 0.002309, 0.002212, 0.002183
755, 0.002304, 0.002203, 0.002175
756, 0.002302, 0.002197, 0.002169
757, 0.002301, 0.002207, 0.002178
758, 0.002306, 0.002188, 0.002162
759, 0.002299, 0.002205, 0.002176
760, 0.002298, 0.002185, 0.002157
761, 0.002292, 0.002192, 0.002162
762, 0.002290, 0.002190, 0.002160
763, 0.002288, 0.002173, 0.002147
764, 0.002292, 0.002212, 0.002180
765, 0.002295, 0.002167, 0.002141
766, 0.002284, 0.002171, 0.002142
767, 0.002279, 0.002191, 0.002161
768, 0.002280, 0.002159, 0.002133
769, 0.002280, 0.002185, 0.002155
770, 0.002275, 0.002153, 0.002127
771, 0.002267, 0.002163, 0.002134
772, 0.002262, 0.002157, 0.002128
773, 0.002260, 0.002145, 0.002118
774, 0.002260, 0.002154, 0.002124
775, 0.002256, 0.002140, 0.002111
776, 0.002254, 0.002142, 0.002113
777, 0.002251, 0.002133, 0.002105
778, 0.002244, 0.002139, 0.002110
779, 0.002245, 0.002127, 0.002099
780, 0.002239, 0.002127, 0.002099
781, 0.002240, 0.002123, 0.002095
782, 0.002236, 0.002119, 0.002091
783, 0.002232, 0.002117, 0.002089
784, 0.002225, 0.002111, 0.002083
785, 0.002224, 0.002109, 0.002081
786, 0.002220, 0.002099, 0.002072
787, 0.002214, 0.002100, 0.002071
788, 0.002210, 0.002103, 0.002074
789, 0.002212, 0.002086, 0.002059
790, 0.002209, 0.002088, 0.002060
791, 0.002205, 0.002093, 0.002063
792, 0.002202, 0.002074, 0.002049
793, 0.002206, 0.002119, 0.002089
794, 0.002210, 0.002065, 0.002040
795, 0.002199, 0.002078, 0.002049
796, 0.002190, 0.002064, 0.002036
797, 0.002179, 0.002053, 0.002026
798, 0.002177, 0.002060, 0.002031
799, 0.002173, 0.002045, 0.002018
800, 0.002169, 0.002047, 0.002019
801, 0.002168, 0.002035, 0.002008
802, 0.002163, 0.002039, 0.002011
803, 0.002155, 0.002026, 0.001999
804, 0.002152, 0.002021, 0.001994
805, 0.002149, 0.002029, 0.002000
806, 0.002144, 0.002013, 0.001986
807, 0.002141, 0.002020, 0.001990
808, 0.002138, 0.002000, 0.001973
809, 0.002131, 0.002006, 0.001977
810, 0.002127, 0.001992, 0.001964
811, 0.002121, 0.001992, 0.001964
812, 0.002121, 0.001989, 0.001961
813, 0.002111, 0.001975, 0.001949
814, 0.002113, 0.001994, 0.001964
815, 0.002111, 0.001963, 0.001937
816, 0.002110, 0.001985, 0.001955
817, 0.002102, 0.001951, 0.001926
818, 0.002092, 0.001955, 0.001927
819, 0.002082, 0.001948, 0.001921
820, 0.002081, 0.001934, 0.001908
821, 0.002073, 0.001952, 0.001923
822, 0.002073, 0.001924, 0.001899
823, 0.002073, 0.001947, 0.001916
824, 0.002064, 0.001912, 0.001886
825, 0.002054, 0.001910, 0.001883
826, 0.002046, 0.001918, 0.001889
827, 0.002045, 0.001894, 0.001868
828, 0.002048, 0.001934, 0.001903
829, 0.002048, 0.001890, 0.001868
830, 0.002044, 0.001906, 0.001876
831, 0.002030, 0.001872, 0.001844
832, 0.002017, 0.001866, 0.001841
833, 0.002018, 0.001903, 0.001873
834, 0.002026, 0.001857, 0.001833
835, 0.002023, 0.001890, 0.001859
836, 0.002012, 0.001837, 0.001813
837, 0.001998, 0.001844, 0.001816
838, 0.001981, 0.001834, 0.001806
839, 0.001974, 0.001817, 0.001792
840, 0.001973, 0.001841, 0.001812
841, 0.001973, 0.001801, 0.001777
842, 0.001967, 0.001818, 0.001790
843, 0.001959, 0.001789, 0.001764
844, 0.001947, 0.001788, 0.001761
845, 0.001938, 0.001785, 0.001758
846, 0.001933, 0.001769, 0.001742
847, 0.001928, 0.001761, 0.001736
848, 0.001920, 0.001760, 0.001734
849, 0.001912, 0.001752, 0.001725
850, 0.001905, 0.001740, 0.001715
851, 0.001897, 0.001736, 0.001711
852, 0.001894, 0.001729, 0.001703
853, 0.001886, 0.001718, 0.001692
854, 0.001880, 0.001718, 0.001692
855, 0.001872, 0.001702, 0.001677
856, 0.001868, 0.001697, 0.001670
857, 0.001858, 0.001693, 0.001667
858, 0.001850, 0.001679, 0.001655
859, 0.001850, 0.001679, 0.001652
860, 0.001843, 0.001664, 0.001639
861, 0.001831, 0.001663, 0.001638
862, 0.001827, 0.001648, 0.001623
863, 0.001819, 0.001641, 0.001616
864, 0.001812, 0.001635, 0.001610
865, 0.001805, 0.001625, 0.001600
866, 0.001797, 0.001621, 0.001595
867, 0.001788, 0.001613, 0.001588
868, 0.001784, 0.001601, 0.001577
869, 0.001776, 0.001595, 0.001570
870, 0.001772, 0.001587, 0.001563
871, 0.001761, 0.001579, 0.001555
872, 0.001753, 0.001571, 0.001545
873, 0.001747, 0.001557, 0.001533
874, 0.001742, 0.001569, 0.001544
875, 0.001735, 0.001542, 0.001519
876, 0.001733, 0.001567, 0.001539
877, 0.001725, 0.001525, 0.001505
878, 0.001717, 0.001528, 0.001503
879, 0.001703, 0.001513, 0.001487
880, 0.001696, 0.001500, 0.001479
881, 0.001689, 0.001514, 0.001489
882, 0.001684, 0.001482, 0.001460
883, 0.001682, 0.001497, 0.001472
884, 0.001667, 0.001467, 0.001446
885, 0.001659, 0.001459, 0.001435
886, 0.001651, 0.001463, 0.001439
887, 0.001643, 0.001439, 0.001419
888, 0.001638, 0.001461, 0.001434
889, 0.001632, 0.001427, 0.001407
890, 0.001627, 0.001446, 0.001421
891, 0.001617, 0.001403, 0.001384
892, 0.001604, 0.001412, 0.001387
893, 0.001594, 0.001391, 0.001370
894, 0.001588, 0.001383, 0.001362
895, 0.001578, 0.001392, 0.001367
896, 0.001577, 0.001362, 0.001346
897, 0.001571, 0.001395, 0.001371
898, 0.001564, 0.001349, 0.001331
899, 0.001559, 0.001373, 0.001349
900, 0.001549, 0.001333, 0.001316
901, 0.001534, 0.001333, 0.001310
902, 0.001522, 0.001313, 0.001293
903, 0.001508, 0.001306, 0.001288
904, 0.001501, 0.001306, 0.001283
905, 0.001497, 0.001289, 0.001270
906, 0.001493, 0.001301, 0.001279
907, 0.001481, 0.001267, 0.001249
908, 0.001476, 0.001285, 0.001262
909, 0.001465, 0.001255, 0.001237
910, 0.001457, 0.001255, 0.001235
911, 0.001441, 0.001254, 0.001233
912, 0.001436, 0.001228, 0.001214
913, 0.001435, 0.001269, 0.001246
914, 0.001438, 0.001227, 0.001215
915, 0.001441, 0.001295, 0.001270
916, 0.001446, 0.001216, 0.001205
917, 0.001430, 0.001250, 0.001227
918, 0.001413, 0.001182, 0.001167
919, 0.001389, 0.001196, 0.001178
920, 0.001369, 0.001167, 0.001147
921, 0.001360, 0.001154, 0.001138
922, 0.001351, 0.001198, 0.001179
923, 0.001362, 0.001152, 0.001134
924, 0.001363, 0.001182, 0.001163
925, 0.001344, 0.001123, 0.001106
926, 0.001316, 0.001115, 0.001096
927, 0.001306, 0.001142, 0.001123
928, 0.001307, 0.001098, 0.001080
929, 0.001302, 0.001108, 0.001086
930, 0.001282, 0.001086, 0.001070
931, 0.001271, 0.001074, 0.001053
932, 0.001268, 0.001082, 0.001064
933, 0.001255, 0.001054, 0.001035
934, 0.001248, 0.001054, 0.001035
935, 0.001237, 0.001050, 0.001032
936, 0.001232, 0.001030, 0.001010
937, 0.001225, 0.001053, 0.001032
938, 0.001219, 0.001014, 0.000997
939, 0.001215, 0.001037, 0.001016
940, 0.001203, 0.001003, 0.000988
941, 0.001192, 0.000990, 0.000970
942, 0.001177, 0.001011, 0.000991
943, 0.001180, 0.000982, 0.000965
944, 0.001178, 0.001006, 0.000981
945, 0.001163, 0.000962, 0.000946
946, 0.001146, 0.000960, 0.000936
947, 0.001147, 0.000999, 0.000984
948, 0.001161, 0.000963, 0.000940
949, 0.001160, 0.000994, 0.000978
950, 0.001149, 0.000924, 0.000899
951, 0.001118, 0.000935, 0.000918
952, 0.001101, 0.000925, 0.000900
953, 0.001104, 0.000924, 0.000910
954, 0.001104, 0.000957, 0.000929
955, 0.001122, 0.000933, 0.000921
956, 0.001111, 0.000930, 0.000899
957, 0.001113, 0.000946, 0.000938
958, 0.001109, 0.000891, 0.000864
959, 0.001112, 0.000903, 0.000888
960, 0.001074, 0.000848, 0.000831
961, 0.001039, 0.000845, 0.000822
962, 0.001054, 0.000935, 0.000926
963, 0.001086, 0.000851, 0.000824
964, 0.001054, 0.000814, 0.000799
965, 0.001004, 0.000867, 0.000850
966, 0.001018, 0.000838, 0.000813
967, 0.001043, 0.000864, 0.000855
968, 0.001026, 0.000857, 0.000830
969, 0.001028, 0.000840, 0.000830
970, 0.001033, 0.000846, 0.000824
971, 0.001013, 0.000778, 0.000767
972, 0.000961, 0.000751, 0.000733
973, 0.000959, 0.000794, 0.000782
974, 0.000959, 0.000735, 0.000719
975, 0.000934, 0.000745, 0.000728
976, 0.000931, 0.000758, 0.000746
977, 0.000937, 0.000749, 0.000733
978, 0.000929, 0.000739, 0.000720
979, 0.000942, 0.000915, 0.000916
980, 0.001065, 0.000905, 0.000863
981, 0.001101, 0.000799, 0.000796
982, 0.000981, 0.000731, 0.000715
983, 0.000903, 0.000706, 0.000686
984, 0.000923, 0.000772, 0.000762
985, 0.000958, 0.000763, 0.000746
986, 0.000954, 0.000663, 0.000649
987, 0.000888, 0.000717, 0.000704
988, 0.000902, 0.000741, 0.000724
989, 0.000941, 0.000656, 0.000644
990, 0.000867, 0.000667, 0.000654
991, 0.000863, 0.000721, 0.000706
992, 0.000920, 0.000671, 0.000661
993, 0.000869, 0.000631, 0.000616
994, 0.000831, 0.000661, 0.000649
995, 0.000856, 0.000668, 0.000659
996, 0.000862, 0.000621, 0.000606
997, 0.000829, 0.000630, 0.000623
998, 0.000818, 0.000611, 0.000600
999, 0.000811, 0.000602, 0.000590
1000, 0.000817, 0.000648, 0.000641
1001, 0.000826, 0.000588, 0.000576
1002, 0.000798, 0.000581, 0.000569
1003, 0.000789, 0.000611, 0.000602
1004, 0.000800, 0.000577, 0.000563
1005, 0.000792, 0.000583, 0.000570
1006, 0.000786, 0.000585, 0.000574
1007, 0.000782, 0.000557, 0.000545
1008, 0.000767, 0.000562, 0.000550
1009, 0.000767, 0.000571, 0.000562
1010, 0.000770, 0.000555, 0.000544
1011, 0.000757, 0.000543, 0.000531
1012, 0.000754, 0.000554, 0.000547
1013, 0.000753, 0.000545, 0.000533
1014, 0.000751, 0.000529, 0.000520
1015, 0.000743, 0.000543, 0.000535
1016, 0.000737, 0.000525, 0.000515
1017, 0.000730, 0.000517, 0.000507
1018, 0.000730, 0.000526, 0.000517
1019, 0.000728, 0.000514, 0.000505
1020, 0.000723, 0.000510, 0.000500
1021, 0.000725, 0.000513, 0.000504
1022, 0.000720, 0.000501, 0.000493
1023, 0.000712, 0.000502, 0.000492
1024, 0.000713, 0.000499, 0.000490
1025, 0.000715, 0.000499, 0.000489
1026, 0.000706, 0.000488, 0.000478
1027, 0.000704, 0.000492, 0.000485
1028, 0.000702, 0.000487, 0.000479
1029, 0.000697, 0.000479, 0.000469
1030, 0.000700, 0.000493, 0.000487
1031, 0.000700, 0.000479, 0.000470
1032, 0.000689, 0.000469, 0.000460
1033, 0.000691, 0.000484, 0.000477
1034, 0.000692, 0.000474, 0.000464
1035, 0.000686, 0.000460, 0.000454
1036, 0.000685, 0.000481, 0.000471
1037, 0.000682, 0.000456, 0.000448
1038, 0.000677, 0.000459, 0.000452
1039, 0.000682, 0.000472, 0.000462
1040, 0.000677, 0.000449, 0.000443
1041, 0.000667, 0.000457, 0.000451
1042, 0.000674, 0.000458, 0.000449
1043, 0.000671, 0.000441, 0.000436
1044, 0.000664, 0.000455, 0.000447
1045, 0.000666, 0.000444, 0.000436
1046, 0.000665, 0.000444, 0.000437
1047, 0.000658, 0.000434, 0.000426
1048, 0.000656, 0.000441, 0.000434
1049, 0.000656, 0.000447, 0.000441
1050, 0.000661, 0.000426, 0.000416
1051, 0.000656, 0.000435, 0.000427
1052, 0.000647, 0.000433, 0.000430
1053, 0.000653, 0.000431, 0.000420
1054, 0.000652, 0.000429, 0.000424
1055, 0.000645, 0.000421, 0.000414
1056, 0.000636, 0.000415, 0.000407
1057, 0.000642, 0.000421, 0.000415
1058, 0.000639, 0.000413, 0.000404
1059, 0.000630, 0.000409, 0.000401
1060, 0.000630, 0.000420, 0.000414
1061, 0.000635, 0.000403, 0.000397
1062, 0.000634, 0.000412, 0.000404
1063, 0.000627, 0.000406, 0.000400
1064, 0.000627, 0.000400, 0.000392
1065, 0.000624, 0.000412, 0.000404
1066, 0.000628, 0.000394, 0.000389
1067, 0.000626, 0.000413, 0.000404
1068, 0.000622, 0.000395, 0.000390
1069, 0.000618, 0.000390, 0.000384
1070, 0.000615, 0.000411, 0.000402
1071, 0.000618, 0.000392, 0.000388
1072, 0.000624, 0.000398, 0.000390
1073, 0.000614, 0.000392, 0.000388
1074, 0.000611, 0.000388, 0.000382
1075, 0.000614, 0.000385, 0.000377
1076, 0.000608, 0.000386, 0.000381
1077, 0.000607, 0.000394, 0.000386
1078, 0.000610, 0.000375, 0.000368
1079, 0.000609, 0.000399, 0.000394
1080, 0.000607, 0.000375, 0.000369
1081, 0.000601, 0.000371, 0.000366
1082, 0.000600, 0.000391, 0.000386
1083, 0.000601, 0.000367, 0.000361
1084, 0.000598, 0.000373, 0.000365
1085, 0.000597, 0.000376, 0.000371
1086, 0.000596, 0.000367, 0.000360
1087, 0.000595, 0.000369, 0.000362
1088, 0.000595, 0.000367, 0.000362
1089, 0.000593, 0.000374, 0.000367
1090, 0.000591, 0.000362, 0.000358
1091, 0.000589, 0.000368, 0.000363
1092, 0.000589, 0.000363, 0.000356
1093, 0.000590, 0.000360, 0.000355
1094, 0.000585, 0.000378, 0.000371
1095, 0.000587, 0.000350, 0.000344
1096, 0.000588, 0.000363, 0.000356
1097, 0.000581, 0.000365, 0.000359
1098, 0.000581, 0.000350, 0.000345
1099, 0.000586, 0.000367, 0.000362
1100, 0.000582, 0.000359, 0.000355
1101, 0.000581, 0.000346, 0.000341
1102, 0.000580, 0.000369, 0.000363
1103, 0.000581, 0.000345, 0.000342
1104, 0.000582, 0.000368, 0.000359
1105, 0.000586, 0.000350, 0.000348
1106, 0.000579, 0.000361, 0.000354
1107, 0.000576, 0.000343, 0.000338
1108, 0.000577, 0.000357, 0.000353
1109, 0.000575, 0.000344, 0.000339
1110, 0.000570, 0.000344, 0.000340
1111, 0.000570, 0.000360, 0.000357
1112, 0.000574, 0.000337, 0.000332
1113, 0.000569, 0.000346, 0.000341
1114, 0.000567, 0.000350, 0.000347
1115, 0.000568, 0.000336, 0.000331
1116, 0.000566, 0.000349, 0.000343
1117, 0.000565, 0.000336, 0.000332
1118, 0.000568, 0.000350, 0.000342
1119, 0.000569, 0.000334, 0.000330
1120, 0.000565, 0.000349, 0.000343
1121, 0.000565, 0.000328, 0.000323
1122, 0.000565, 0.000336, 0.000331
1123, 0.000562, 0.000347, 0.000343
1124, 0.000561, 0.000327, 0.000325
1125, 0.000567, 0.000358, 0.000351
1126, 0.000567, 0.000330, 0.000327
1127, 0.000564, 0.000345, 0.000339
1128, 0.000556, 0.000327, 0.000320
1129, 0.000560, 0.000330, 0.000327
1130, 0.000557, 0.000348, 0.000343
1131, 0.000558, 0.000321, 0.000317
1132, 0.000563, 0.000359, 0.000353
1133, 0.000560, 0.000322, 0.000319
1134, 0.000557, 0.000329, 0.000323
1135, 0.000555, 0.000336, 0.000332
1136, 0.000551, 0.000321, 0.000317
1137, 0.000553, 0.000334, 0.000327
1138, 0.000555, 0.000337, 0.000334
1139, 0.000556, 0.000320, 0.000315
1140, 0.000548, 0.000330, 0.000324
1141, 0.000551, 0.000322, 0.000319
1142, 0.000554, 0.000322, 0.000317
1143, 0.000546, 0.000329, 0.000324
1144, 0.000548, 0.000320, 0.000319
1145, 0.000554, 0.000339, 0.000333
1146, 0.000552, 0.000315, 0.000313
1147, 0.000550, 0.000331, 0.000327
1148, 0.000547, 0.000317, 0.000312
1149, 0.000547, 0.000320, 0.000316
1150, 0.000543, 0.000326, 0.000322
1151, 0.000544, 0.000322, 0.000316
1152, 0.000547, 0.000318, 0.000315
1153, 0.000547, 0.000339, 0.000332
1154, 0.000546, 0.000310, 0.000305
1155, 0.000547, 0.000328, 0.000322
1156, 0.000543, 0.000321, 0.000316
1157, 0.000542, 0.000308, 0.000304
1158, 0.000545, 0.000338, 0.000333
1159, 0.000544, 0.000309, 0.000306
1160, 0.000542, 0.000323, 0.000317
1161, 0.000543, 0.000318, 0.000315
1162, 0.000540, 0.000308, 0.000304
1163, 0.000540, 0.000330, 0.000324
1164, 0.000544, 0.000313, 0.000311
1165, 0.000545, 0.000318, 0.000314
1166, 0.000542, 0.000319, 0.000314
1167, 0.000535, 0.000311, 0.000309
1168, 0.000545, 0.000339, 0.000332
1169, 0.000546, 0.000303, 0.000300
1170, 0.000544, 0.000336, 0.000332
1171, 0.000540, 0.000310, 0.000305
1172, 0.000537, 0.000303, 0.000299
1173, 0.000537, 0.000351, 0.000346
1174, 0.000546, 0.000303, 0.000300
1175, 0.000551, 0.000347, 0.000340
1176, 0.000544, 0.000307, 0.000305
1177, 0.000536, 0.000308, 0.000303
1178, 0.000534, 0.000328, 0.000323
1179, 0.000536, 0.000304, 0.000302
1180, 0.000538, 0.000331, 0.000324
1181, 0.000539, 0.000299, 0.000297
1182, 0.000536, 0.000319, 0.000314
1183, 0.000535, 0.000308, 0.000304
1184, 0.000532, 0.000298, 0.000296
1185, 0.000537, 0.000329, 0.000325
1186, 0.000537, 0.000300, 0.000297
1187, 0.000531, 0.000308, 0.000305
1188, 0.000529, 0.000318, 0.000315
1189, 0.000532, 0.000303, 0.000301
1190, 0.000529, 0.000310, 0.000306
1191, 0.000530, 0.000302, 0.000298
1192, 0.000528, 0.000315, 0.000312
1193, 0.000528, 0.000302, 0.000298
1194, 0.000528, 0.000302, 0.000297
1195, 0.000527, 0.000314, 0.000311
1196, 0.000527, 0.000304, 0.000299
1197, 0.000527, 0.000305, 0.000301
1198, 0.000527, 0.000308, 0.000305
1199, 0.000526, 0.000306, 0.000302
1200, 0.000523, 0.000304, 0.000301
1201, 0.000529, 0.000310, 0.000307
1202, 0.000526, 0.000298, 0.000295
1203, 0.000524, 0.000315, 0.000311
1204, 0.000529, 0.000296, 0.000293
1205, 0.000529, 0.000314, 0.000309
1206, 0.000525, 0.000298, 0.000295
1207, 0.000523, 0.000302, 0.000298
1208, 0.000522, 0.000308, 0.000303
1209, 0.000523, 0.000298, 0.000294
1210, 0.000524, 0.000302, 0.000299
1211, 0.000522, 0.000302, 0.000299
1212, 0.000520, 0.000296, 0.000293
1213, 0.000523, 0.000309, 0.000305
1214, 0.000523, 0.000296, 0.000294
1215, 0.000524, 0.000317, 0.000313
1216, 0.000526, 0.000299, 0.000296
1217, 0.000522, 0.000310, 0.000306
1218, 0.000523, 0.000298, 0.000294
1219, 0.000523, 0.000303, 0.000300
1220, 0.000523, 0.000314, 0.000311
1221, 0.000521, 0.000296, 0.000292
1222, 0.000523, 0.000307, 0.000302
1223, 0.000522, 0.000303, 0.000301
1224, 0.000522, 0.000300, 0.000296
1225, 0.000520, 0.000297, 0.000293
1226, 0.000518, 0.000303, 0.000300
1227, 0.000519, 0.000295, 0.000291
1228, 0.000520, 0.000308, 0.000304
1229, 0.000520, 0.000299, 0.000297
1230, 0.000521, 0.000294, 0.000289
1231, 0.000519, 0.000312, 0.000308
1232, 0.000519, 0.000293, 0.000291
1233, 0.000521, 0.000312, 0.000307
1234, 0.000521, 0.000294, 0.000292
1235, 0.000520, 0.000304, 0.000299
1236, 0.000517, 0.000296, 0.000293
1237, 0.000518, 0.000302, 0.000299
1238, 0.000518, 0.000308, 0.000302
1239, 0.000519, 0.000289, 0.000287
1240, 0.000520, 0.000330, 0.000325
1241, 0.000526, 0.000284, 0.000282
1242, 0.000527, 0.000335, 0.000331
1243, 0.000529, 0.000287, 0.000285
1244, 0.000522, 0.000302, 0.000298
1245, 0.000516, 0.000300, 0.000298
1246, 0.000515, 0.000294, 0.000290
1247, 0.000516, 0.000304, 0.000299
1248, 0.000514, 0.000291, 0.000288
1249, 0.000518, 0.000311, 0.000306
1250, 0.000518, 0.000288, 0.000286
1251, 0.000518, 0.000309, 0.000304
1252, 0.000516, 0.000289, 0.000286
1253, 0.000514, 0.000300, 0.000298
1254, 0.000514, 0.000295, 0.000291
1255, 0.000514, 0.000290, 0.000288
1256, 0.000515, 0.000304, 0.000300
1257, 0.000511, 0.000287, 0.000284
1258, 0.000513, 0.000299, 0.000296
1259, 0.000511, 0.000303, 0.000299
1260, 0.000512, 0.000284, 0.000281
1261, 0.000514, 0.000312, 0.000308
1262, 0.000514, 0.000290, 0.000288
1263, 0.000514, 0.000298, 0.000294
1264, 0.000512, 0.000301, 0.000297
1265, 0.000512, 0.000290, 0.000288
1266, 0.000513, 0.000308, 0.000303
1267, 0.000515, 0.000288, 0.000285
1268, 0.000512, 0.000306, 0.000303
1269, 0.000515, 0.000290, 0.000286
1270, 0.000511, 0.000295, 0.000290
1271, 0.000509, 0.000301, 0.000298
1272, 0.000511, 0.000285, 0.000282
1273, 0.000510, 0.000309, 0.000304
1274, 0.000510, 0.000289, 0.000287
1275, 0.000512, 0.000309, 0.000305
1276, 0.000514, 0.000287, 0.000285
1277, 0.000513, 0.000306, 0.000303
1278, 0.000513, 0.000288, 0.000285
1279, 0.000512, 0.000293, 0.000290
1280, 0.000508, 0.000305, 0.000301
1281, 0.000510, 0.000283, 0.000280
1282, 0.000511, 0.000306, 0.000301
1283, 0.000510, 0.000288, 0.000285
1284, 0.000508, 0.000289, 0.000285
1285, 0.000508, 0.000297, 0.000293
1286, 0.000507, 0.000284, 0.000281
1287, 0.000507, 0.000306, 0.000301
1288, 0.000511, 0.000287, 0.000284
1289, 0.000512, 0.000302, 0.000297
1290, 0.000509, 0.000287, 0.000283
1291, 0.000508, 0.000297, 0.000294
1292, 0.000506, 0.000297, 0.000293
1293, 0.000509, 0.000280, 0.000277
1294, 0.000510, 0.000312, 0.000308
1295, 0.000510, 0.000279, 0.000277
1296, 0.000510, 0.000314, 0.000309
1297, 0.000510, 0.000289, 0.000286
1298, 0.000507, 0.000295, 0.000290
1299, 0.000506, 0.000295, 0.000291
1300, 0.000505, 0.000290, 0.000286
1301, 0.000502, 0.000293, 0.000288
1302, 0.000505, 0.000296, 0.000292
1303, 0.000504, 0.000283, 0.000280
1304, 0.000508, 0.000299, 0.000295
1305, 0.000506, 0.000286, 0.000283
1306, 0.000507, 0.000296, 0.000293
1307, 0.000504, 0.000289, 0.000285
1308, 0.000505, 0.000287, 0.000284
1309, 0.000504, 0.000300, 0.000297
1310, 0.000505, 0.000287, 0.000283
1311, 0.000507, 0.000293, 0.000290
1312, 0.000502, 0.000287, 0.000284
1313, 0.000503, 0.000293, 0.000289
1314, 0.000505, 0.000296, 0.000292
1315, 0.000504, 0.000286, 0.000282
1316, 0.000501, 0.000301, 0.000297
1317, 0.000505, 0.000283, 0.000279
1318, 0.000506, 0.000309, 0.000305
1319, 0.000508, 0.000280, 0.000279
1320, 0.000512, 0.000328, 0.000323
1321, 0.000512, 0.000279, 0.000278
1322, 0.000513, 0.000323, 0.000318
1323, 0.000509, 0.000279, 0.000276
1324, 0.000504, 0.000296, 0.000292
1325, 0.000502, 0.000290, 0.000287
1326, 0.000503, 0.000288, 0.000284
1327, 0.000500, 0.000290, 0.000287
1328, 0.000504, 0.000289, 0.000286
1329, 0.000501, 0.000296, 0.000292
1330, 0.000501, 0.000285, 0.000282
1331, 0.000500, 0.000300, 0.000296
1332, 0.000504, 0.000283, 0.000280
1333, 0.000500, 0.000302, 0.000297
1334, 0.000501, 0.000282, 0.000280
1335, 0.000501, 0.000296, 0.000291
1336, 0.000500, 0.000286, 0.000283
1337, 0.000501, 0.000291, 0.000288
1338, 0.000503, 0.000288, 0.000285
1339, 0.000499, 0.000288, 0.000284
1340, 0.000500, 0.000293, 0.000289
1341, 0.000500, 0.000280, 0.000275
1342, 0.000504, 0.000301, 0.000296
1343, 0.000500, 0.000285, 0.000282
1344, 0.000502, 0.000292, 0.000287
1345, 0.000500, 0.000283, 0.000280
1346, 0.000499, 0.000295, 0.000292
1347, 0.000500, 0.000283, 0.000279
1348, 0.000499, 0.000292, 0.000288
1349, 0.000499, 0.000286, 0.000283
1350, 0.000499, 0.000291, 0.000287
1351, 0.000498, 0.000288, 0.000284
1352, 0.000498, 0.000289, 0.000286
1353, 0.000499, 0.000299, 0.000294
1354, 0.000502, 0.000276, 0.000274
1355, 0.000502, 0.000325, 0.000320
1356, 0.000508, 0.000274, 0.000271
1357, 0.000507, 0.000320, 0.000316
1358, 0.000505, 0.000273, 0.000271
1359, 0.000501, 0.000301, 0.000298
1360, 0.000498, 0.000285, 0.000282
1361, 0.000497, 0.000275, 0.000272
1362, 0.000499, 0.000317, 0.000312
1363, 0.000503, 0.000270, 0.000268
1364, 0.000507, 0.000329, 0.000323
1365, 0.000510, 0.000273, 0.000272
1366, 0.000506, 0.000316, 0.000311
1367, 0.000505, 0.000274, 0.000272
1368, 0.000501, 0.000293, 0.000291
1369, 0.000499, 0.000290, 0.000286
1370, 0.000498, 0.000276, 0.000273
1371, 0.000496, 0.000306, 0.000301
1372, 0.000499, 0.000277, 0.000273
1373, 0.000497, 0.000295, 0.000289
1374, 0.000497, 0.000285, 0.000280
1375, 0.000496, 0.000283, 0.000279
1376, 0.000494, 0.000292, 0.000287
1377, 0.000495, 0.000275, 0.000272
1378, 0.000497, 0.000297, 0.000293
1379, 0.000497, 0.000278, 0.000275
1380, 0.000494, 0.000280, 0.000276
1381, 0.000493, 0.000293, 0.000289
1382, 0.000494, 0.000278, 0.000274
1383, 0.000494, 0.000295, 0.000291
1384, 0.000496, 0.000276, 0.000273
1385, 0.000496, 0.000286, 0.000281
1386, 0.000493, 0.000284, 0.000281
1387, 0.000496, 0.000279, 0.000275
1388, 0.000494, 0.000301, 0.000295
1389, 0.000495, 0.000275, 0.000272
1390, 0.000495, 0.000304, 0.000299
1391, 0.000495, 0.000275, 0.000271
1392, 0.000495, 0.000295, 0.000291
1393, 0.000492, 0.000275, 0.000271
1394, 0.000491, 0.000287, 0.000284
1395, 0.000492, 0.000288, 0.000284
1396, 0.000490, 0.000278, 0.000276
1397, 0.000493, 0.000291, 0.000287
1398, 0.000492, 0.000278, 0.000274
1399, 0.000493, 0.000292, 0.000288
1400, 0.000492, 0.000280, 0.000275
1401, 0.000490, 0.000281, 0.000276
1402, 0.000492, 0.000294, 0.000289
1403, 0.000492, 0.000275, 0.000272
1404, 0.000491, 0.000297, 0.000292
1405, 0.000493, 0.000275, 0.000272
1406, 0.000491, 0.000289, 0.000284
1407, 0.000490, 0.000285, 0.000280
1408, 0.000488, 0.000279, 0.000277
1409, 0.000492, 0.000306, 0.000301
1410, 0.000497, 0.000268, 0.000265
1411, 0.000496, 0.000324, 0.000319
1412, 0.000499, 0.000267, 0.000264
1413, 0.000498, 0.000296, 0.000291
1414, 0.000489, 0.000284, 0.000281
1415, 0.000492, 0.000271, 0.000267
1416, 0.000491, 0.000305, 0.000300
1417, 0.000493, 0.000270, 0.000268
1418, 0.000495, 0.000311, 0.000304
1419, 0.000498, 0.000273, 0.000270
1420, 0.000494, 0.000296, 0.000291
1421, 0.000488, 0.000282, 0.000277
1422, 0.000490, 0.000274, 0.000271
1423, 0.000490, 0.000305, 0.000299
1424, 0.000492, 0.000267, 0.000262
1425, 0.000493, 0.000300, 0.000296
1426, 0.000490, 0.000277, 0.000273
1427, 0.000485, 0.000276, 0.000271
1428, 0.000488, 0.000299, 0.000295
1429, 0.000489, 0.000267, 0.000264
1430, 0.000494, 0.000316, 0.000309
1431, 0.000497, 0.000268, 0.000266
1432, 0.000494, 0.000298, 0.000293
1433, 0.000491, 0.000279, 0.000275
1434, 0.000487, 0.000273, 0.000270
1435, 0.000490, 0.000310, 0.000304
1436, 0.000492, 0.000264, 0.000261
1437, 0.000499, 0.000329, 0.000324
1438, 0.000500, 0.000265, 0.000262
1439, 0.000495, 0.000291, 0.000286
1440, 0.000489, 0.000289, 0.000284
1441, 0.000486, 0.000267, 0.000264
1442, 0.000492, 0.000316, 0.000309
1443, 0.000496, 0.000265, 0.000263
1444, 0.000497, 0.000302, 0.000297
1445, 0.000489, 0.000272, 0.000267
1446, 0.000484, 0.000270, 0.000267
1447, 0.000488, 0.000311, 0.000306
1448, 0.000491, 0.000263, 0.000260
1449, 0.000495, 0.000306, 0.000301
1450, 0.000488, 0.000275, 0.000271
1451, 0.000486, 0.000269, 0.000265
1452, 0.000487, 0.000316, 0.000311
1453, 0.000494, 0.000265, 0.000262
1454, 0.000494, 0.000305, 0.000298
1455, 0.000490, 0.000274, 0.000271
1456, 0.000486, 0.000271, 0.000266
1457, 0.000483, 0.000291, 0.000285
1458, 0.000487, 0.000269, 0.000267
1459, 0.000490, 0.000302, 0.000296
1460, 0.000489, 0.000267, 0.000263
1461, 0.000484, 0.000279, 0.000276
1462, 0.000482, 0.000287, 0.000281
1463, 0.000483, 0.000262, 0.000258
1464, 0.000489, 0.000303, 0.000298
1465, 0.000488, 0.000266, 0.000261
1466, 0.000485, 0.000275, 0.000271
1467, 0.000482, 0.000291, 0.000286
1468, 0.000486, 0.000262, 0.000259
1469, 0.000487, 0.000307, 0.000302
1470, 0.000493, 0.000266, 0.000263
1471, 0.000489, 0.000284, 0.000280
1472, 0.000482, 0.000279, 0.000275
1473, 0.000482, 0.000271, 0.000267
1474, 0.000483, 0.000302, 0.000296
1475, 0.000488, 0.000262, 0.000258
1476, 0.000492, 0.000315, 0.000308
1477, 0.000493, 0.000263, 0.000260
1478, 0.000484, 0.000280, 0.000276
1479, 0.000483, 0.000289, 0.000284
1480, 0.000484, 0.000262, 0.000259
1481, 0.000486, 0.000311, 0.000305
1482, 0.000489, 0.000264, 0.000260
1483, 0.000482, 0.000272, 0.000268
1484, 0.000479, 0.000298, 0.000294
1485, 0.000486, 0.000261, 0.000258
1486, 0.000485, 0.000295, 0.000289
1487, 0.000482, 0.000274, 0.000270
1488, 0.000481, 0.000267, 0.000263
1489, 0.000480, 0.000287, 0.000280
1490, 0.000484, 0.000270, 0.000267
1491, 0.000479, 0.000274, 0.000269
1492, 0.000477, 0.000278, 0.000273
1493, 0.000478, 0.000273, 0.000270
1494, 0.000476, 0.000275, 0.000271
1495, 0.000477, 0.000277, 0.000273
1496, 0.000477, 0.000268, 0.000265
1497, 0.000481, 0.000290, 0.000285
1498, 0.000480, 0.000262, 0.000258
1499, 0.000479, 0.000288, 0.000284
1500, 0.000478, 0.000272, 0.000266
1501, 0.000476, 0.000270, 0.000264
1502, 0.000477, 0.000286, 0.000281
1503, 0.000477, 0.000268, 0.000263
1504, 0.000478, 0.000272, 0.000266
1505, 0.000475, 0.000283, 0.000279
1506, 0.000479, 0.000268, 0.000264
1507, 0.000477, 0.000276, 0.000270
1508, 0.000474, 0.000279, 0.000275
1509, 0.000476, 0.000268, 0.000263
1510, 0.000475, 0.000280, 0.000274
1511, 0.000475, 0.000273, 0.000269
1512, 0.000476, 0.000270, 0.000265
1513, 0.000475, 0.000279, 0.000272
1514, 0.000476, 0.000270, 0.000266
1515, 0.000476, 0.000277, 0.000272
1516, 0.000473, 0.000274, 0.000268
1517, 0.000474, 0.000270, 0.000267
1518, 0.000474, 0.000282, 0.000277
1519, 0.000473, 0.000269, 0.000264
1520, 0.000476, 0.000281, 0.000276
1521, 0.000474, 0.000271, 0.000266
1522, 0.000473, 0.000273, 0.000267
1523, 0.000473, 0.000277, 0.000272
1524, 0.000478, 0.000271, 0.000266
1525, 0.000473, 0.000275, 0.000269
1526, 0.000473, 0.000269, 0.000265
1527, 0.000475, 0.000287, 0.000281
1528, 0.000476, 0.000260, 0.000256
1529, 0.000476, 0.000283, 0.000279
1530, 0.000474, 0.000269, 0.000264
1531, 0.000473, 0.000267, 0.000263
1532, 0.000473, 0.000286, 0.000282
1533, 0.000473, 0.000266, 0.000260
1534, 0.000474, 0.000286, 0.000282
1535, 0.000472, 0.000267, 0.000263
1536, 0.000470, 0.000274, 0.000268
1537, 0.000472, 0.000282, 0.000277
1538, 0.000472, 0.000261, 0.000257
1539, 0.000471, 0.000290, 0.000282
1540, 0.000474, 0.000262, 0.000259
1541, 0.000473, 0.000284, 0.000279
1542, 0.000473, 0.000265, 0.000260
1543, 0.000469, 0.000273, 0.000269
1544, 0.000468, 0.000272, 0.000268
1545, 0.000471, 0.000267, 0.000263
1546, 0.000472, 0.000274, 0.000270
1547, 0.000470, 0.000274, 0.000270
1548, 0.000471, 0.000265, 0.000260
1549, 0.000468, 0.000292, 0.000287
1550, 0.000473, 0.000258, 0.000254
1551, 0.000474, 0.000293, 0.000286
1552, 0.000473, 0.000266, 0.000262
1553, 0.000469, 0.000266, 0.000262
1554, 0.000469, 0.000292, 0.000285
1555, 0.000474, 0.000257, 0.000254
1556, 0.000475, 0.000308, 0.000301
1557, 0.000479, 0.000257, 0.000253
1558, 0.000472, 0.000278, 0.000273
1559, 0.000468, 0.000271, 0.000267
1560, 0.000468, 0.000265, 0.000261
1561, 0.000468, 0.000274, 0.000268
1562, 0.000468, 0.000269, 0.000264
1563, 0.000466, 0.000266, 0.000261
1564, 0.000465, 0.000276, 0.000270
1565, 0.000464, 0.000261, 0.000256
1566, 0.000467, 0.000282, 0.000276
1567, 0.000472, 0.000263, 0.000258
1568, 0.000468, 0.000279, 0.000273
1569, 0.000467, 0.000264, 0.000259
1570, 0.000469, 0.000287, 0.000281
1571, 0.000469, 0.000259, 0.000254
1572, 0.000470, 0.000287, 0.000281
1573, 0.000469, 0.000259, 0.000256
1574, 0.000468, 0.000280, 0.000275
1575, 0.000465, 0.000263, 0.000257
1576, 0.000466, 0.000270, 0.000265
1577, 0.000466, 0.000272, 0.000266
1578, 0.000463, 0.000259, 0.000253
1579, 0.000470, 0.000290, 0.000285
1580, 0.000471, 0.000256, 0.000251
1581, 0.000469, 0.000285, 0.000279
1582, 0.000467, 0.000261, 0.000258
1583, 0.000469, 0.000282, 0.000276
1584, 0.000466, 0.000266, 0.000260
1585, 0.000465, 0.000264, 0.000259
1586, 0.000464, 0.000281, 0.000274
1587, 0.000466, 0.000262, 0.000256
1588, 0.000464, 0.000265, 0.000260
1589, 0.000464, 0.000295, 0.000288
1590, 0.000469, 0.000251, 0.000247
1591, 0.000474, 0.000326, 0.000320
1592, 0.000481, 0.000248, 0.000245
1593, 0.000480, 0.000298, 0.000291
1594, 0.000468, 0.000264, 0.000259
1595, 0.000463, 0.000253, 0.000248
1596, 0.000464, 0.000307, 0.000299
1597, 0.000472, 0.000250, 0.000246
1598, 0.000476, 0.000304, 0.000296
1599, 0.000472, 0.000252, 0.000246
1600, 0.000463, 0.000265, 0.000260
1601, 0.000463, 0.000281, 0.000275
1602, 0.000462, 0.000250, 0.000246
1603, 0.000468, 0.000299, 0.000293
1604, 0.000468, 0.000251, 0.000246
1605, 0.000463, 0.000266, 0.000260
1606, 0.000461, 0.000278, 0.000272
1607, 0.000461, 0.000247, 0.000242
1608, 0.000464, 0.000294, 0.000287
1609, 0.000467, 0.000257, 0.000252
1610, 0.000465, 0.000263, 0.000256
1611, 0.000459, 0.000275, 0.000268
1612, 0.000461, 0.000259, 0.000255
1613, 0.000461, 0.000266, 0.000260
1614, 0.000461, 0.000271, 0.000265
1615, 0.000458, 0.000258, 0.000254
1616, 0.000464, 0.000281, 0.000274
1617, 0.000461, 0.000252, 0.000247
1618, 0.000463, 0.000278, 0.000272
1619, 0.000462, 0.000260, 0.000254
1620, 0.000459, 0.000253, 0.000247
1621, 0.000460, 0.000304, 0.000297
1622, 0.000467, 0.000245, 0.000241
1623, 0.000469, 0.000292, 0.000284
1624, 0.000464, 0.000257, 0.000253
1625, 0.000461, 0.000255, 0.000250
1626, 0.000457, 0.000295, 0.000287
1627, 0.000463, 0.000250, 0.000246
1628, 0.000470, 0.000298, 0.000290
1629, 0.000466, 0.000248, 0.000242
1630, 0.000459, 0.000263, 0.000258
1631, 0.000459, 0.000276, 0.000269
1632, 0.000460, 0.000246, 0.000241
1633, 0.000463, 0.000293, 0.000285
1634, 0.000463, 0.000249, 0.000243
1635, 0.000458, 0.000265, 0.000258
1636, 0.000458, 0.000263, 0.000257
1637, 0.000456, 0.000255, 0.000249
1638, 0.000455, 0.000274, 0.000267
1639, 0.000457, 0.000254, 0.000249
1640, 0.000454, 0.000264, 0.000258
1641, 0.000457, 0.000262, 0.000255
1642, 0.000455, 0.000255, 0.000250
1643, 0.000454, 0.000260, 0.000255
1644, 0.000454, 0.000262, 0.000255
1645, 0.000454, 0.000260, 0.000254
1646, 0.000455, 0.000263, 0.000257
1647, 0.000452, 0.000253, 0.000247
1648, 0.000456, 0.000269, 0.000263
1649, 0.000454, 0.000257, 0.000251
1650, 0.000455, 0.000261, 0.000253
1651, 0.000459, 0.000264, 0.000258
1652, 0.000452, 0.000262, 0.000256
1653, 0.000453, 0.000258, 0.000251
1654, 0.000455, 0.000267, 0.000261
1655, 0.000453, 0.000259, 0.000252
1656, 0.000448, 0.000254, 0.000247
1657, 0.000456, 0.000274, 0.000268
1658, 0.000455, 0.000251, 0.000245
1659, 0.000453, 0.000266, 0.000258
1660, 0.000453, 0.000263, 0.000258
1661, 0.000454, 0.000256, 0.000250
1662, 0.000452, 0.000272, 0.000265
1663, 0.000454, 0.000256, 0.000252
1664, 0.000455, 0.000267, 0.000260
1665, 0.000449, 0.000254, 0.000247
1666, 0.000452, 0.000268, 0.000262
1667, 0.000453, 0.000255, 0.000249
1668, 0.000450, 0.000256, 0.000248
1669, 0.000450, 0.000264, 0.000257
1670, 0.000450, 0.000249, 0.000243
1671, 0.000454, 0.000276, 0.000267
1672, 0.000455, 0.000245, 0.000239
1673, 0.000453, 0.000291, 0.000283
1674, 0.000457, 0.000243, 0.000237
1675, 0.000456, 0.000283, 0.000275
1676, 0.000451, 0.000258, 0.000251
1677, 0.000446, 0.000247, 0.000240
1678, 0.000450, 0.000285, 0.000277
1679, 0.000453, 0.000242, 0.000237
1680, 0.000455, 0.000287, 0.000279
1681, 0.000454, 0.000249, 0.000242
1682, 0.000449, 0.000256, 0.000249
1683, 0.000445, 0.000277, 0.000269
1684, 0.000451, 0.000239, 0.000233
1685, 0.000455, 0.000295, 0.000286
1686, 0.000455, 0.000244, 0.000237
1687, 0.000450, 0.000259, 0.000252
1688, 0.000446, 0.000270, 0.000263
1689, 0.000447, 0.000244, 0.000238
1690, 0.000448, 0.000282, 0.000274
1691, 0.000451, 0.000247, 0.000240
1692, 0.000446, 0.000256, 0.000249
1693, 0.000445, 0.000276, 0.000267
1694, 0.000447, 0.000243, 0.000237
1695, 0.000449, 0.000280, 0.000270
1696, 0.000447, 0.000243, 0.000237
1697, 0.000448, 0.000264, 0.000256
1698, 0.000444, 0.000254, 0.000246
1699, 0.000445, 0.000247, 0.000241
1700, 0.000446, 0.000274, 0.000266
1701, 0.000446, 0.000244, 0.000237
1702, 0.000446, 0.000269, 0.000261
1703, 0.000447, 0.000254, 0.000247
1704, 0.000445, 0.000249, 0.000241
1705, 0.000442, 0.000268, 0.000260
1706, 0.000443, 0.000246, 0.000239
1707, 0.000444, 0.000269, 0.000260
1708, 0.000444, 0.000249, 0.000242
1709, 0.000443, 0.000256, 0.000248
1710, 0.000442, 0.000258, 0.000250
1711, 0.000442, 0.000249, 0.000242
1712, 0.000441, 0.000258, 0.000251
1713, 0.000444, 0.000256, 0.000248
1714, 0.000442, 0.000253, 0.000246
1715, 0.000440, 0.000260, 0.000254
1716, 0.000442, 0.000255, 0.000248
1717, 0.000441, 0.000242, 0.000236
1718, 0.000443, 0.000282, 0.000274
1719, 0.000446, 0.000235, 0.000229
1720, 0.000450, 0.000289, 0.000280
1721, 0.000449, 0.000239, 0.000232
1722, 0.000443, 0.000257, 0.000249
1723, 0.000441, 0.000264, 0.000256
1724, 0.000441, 0.000240, 0.000234
1725, 0.000446, 0.000282, 0.000274
1726, 0.000445, 0.000239, 0.000232
1727, 0.000442, 0.000266, 0.000260
1728, 0.000442, 0.000248, 0.000241
1729, 0.000439, 0.000253, 0.000246
1730, 0.000435, 0.000264, 0.000258
1731, 0.000440, 0.000243, 0.000236
1732, 0.000442, 0.000277, 0.000269
1733, 0.000445, 0.000239, 0.000233
1734, 0.000443, 0.000274, 0.000265
1735, 0.000439, 0.000243, 0.000235
1736, 0.000438, 0.000252, 0.000246
1737, 0.000440, 0.000266, 0.000257
1738, 0.000439, 0.000237, 0.000229
1739, 0.000442, 0.000277, 0.000270
1740, 0.000441, 0.000240, 0.000233
1741, 0.000439, 0.000260, 0.000251
1742, 0.000438, 0.000248, 0.000241
1743, 0.000438, 0.000257, 0.000249
1744, 0.000436, 0.000255, 0.000246
1745, 0.000439, 0.000254, 0.000247
1746, 0.000438, 0.000259, 0.000250
1747, 0.000435, 0.000242, 0.000234
1748, 0.000440, 0.000272, 0.000264
1749, 0.000441, 0.000241, 0.000234
1750, 0.000436, 0.000265, 0.000255
1751, 0.000438, 0.000249, 0.000241
1752, 0.000436, 0.000255, 0.000247
1753, 0.000435, 0.000250, 0.000241
1754, 0.000434, 0.000246, 0.000239
1755, 0.000435, 0.000260, 0.000251
1756, 0.000434, 0.000241, 0.000234
1757, 0.000436, 0.000263, 0.000255
1758, 0.000436, 0.000243, 0.000236
1759, 0.000434, 0.000251, 0.000243
1760, 0.000433, 0.000257, 0.000248
1761, 0.000435, 0.000239, 0.000231
1762, 0.000434, 0.000265, 0.000257
1763, 0.000434, 0.000242, 0.000234
1764, 0.000434, 0.000260, 0.000251
1765, 0.000432, 0.000246, 0.000238
1766, 0.000434, 0.000253, 0.000244
1767, 0.000431, 0.000261, 0.000252
1768, 0.000435, 0.000234, 0.000227
1769, 0.000437, 0.000277, 0.000267
1770, 0.000437, 0.000233, 0.000225
1771, 0.000434, 0.000259, 0.000250
1772, 0.000432, 0.000251, 0.000243
1773, 0.000430, 0.000238, 0.000230
1774, 0.000433, 0.000269, 0.000259
1775, 0.000433, 0.000233, 0.000225
1776, 0.000435, 0.000279, 0.000268
1777, 0.000435, 0.000233, 0.000225
1778, 0.000433, 0.000262, 0.000254
1779, 0.000431, 0.000249, 0.000240
1780, 0.000429, 0.000245, 0.000238
1781, 0.000429, 0.000258, 0.000251
1782, 0.000432, 0.000235, 0.000227
1783, 0.000432, 0.000269, 0.000260
1784, 0.000432, 0.000234, 0.000226
1785, 0.000433, 0.000260, 0.000250
1786, 0.000433, 0.000243, 0.000234
1787, 0.000429, 0.000243, 0.000235
1788, 0.000429, 0.000259, 0.000249
1789, 0.000429, 0.000229, 0.000221
1790, 0.000431, 0.000274, 0.000264
1791, 0.000430, 0.000235, 0.000227
1792, 0.000429, 0.000244, 0.000235
1793, 0.000427, 0.000268, 0.000258
1794, 0.000428, 0.000228, 0.000220
1795, 0.000434, 0.000280, 0.000268
1796, 0.000434, 0.000228, 0.000220
1797, 0.000431, 0.000261, 0.000250
1798, 0.000426, 0.000247, 0.000237
1799, 0.000426, 0.000237, 0.000229
1800, 0.000428, 0.000275, 0.000264
1801, 0.000431, 0.000228, 0.000220
1802, 0.000429, 0.000265, 0.000254
1803, 0.000428, 0.000241, 0.000231
1804, 0.000427, 0.000242, 0.000233
1805, 0.000425, 0.000253, 0.000242
1806, 0.000425, 0.000239, 0.000229
1807, 0.000425, 0.000248, 0.000239
1808, 0.000425, 0.000246, 0.000236
1809, 0.000423, 0.000235, 0.000227
1810, 0.000424, 0.000255, 0.000246
1811, 0.000424, 0.000242, 0.000232
1812, 0.000423, 0.000238, 0.000229
1813, 0.000425, 0.000247, 0.000238
1814, 0.000424, 0.000244, 0.000235
1815, 0.000423, 0.000240, 0.000230
1816, 0.000424, 0.000257, 0.000248
1817, 0.000425, 0.000235, 0.000226
1818, 0.000424, 0.000253, 0.000243
1819, 0.000424, 0.000242, 0.000233
1820, 0.000421, 0.000239, 0.000229
1821, 0.000422, 0.000246, 0.000235
1822, 0.000421, 0.000239, 0.000230
1823, 0.000421, 0.000253, 0.000243
1824, 0.000421, 0.000238, 0.000228
1825, 0.000420, 0.000248, 0.000239
1826, 0.000419, 0.000245, 0.000235
1827, 0.000418, 0.000241, 0.000231
1828, 0.000419, 0.000252, 0.000242
1829, 0.000420, 0.000242, 0.000232
1830, 0.000423, 0.000243, 0.000232
1831, 0.000420, 0.000256, 0.000245
1832, 0.000423, 0.000227, 0.000219
1833, 0.000422, 0.000267, 0.000257
1834, 0.000423, 0.000228, 0.000219
1835, 0.000420, 0.000246, 0.000236
1836, 0.000418, 0.000255, 0.000246
1837, 0.000419, 0.000219, 0.000210
1838, 0.000429, 0.000301, 0.000289
1839, 0.000433, 0.000219, 0.000211
1840, 0.000430, 0.000278, 0.000266
1841, 0.000424, 0.000232, 0.000222
1842, 0.000419, 0.000235, 0.000226
1843, 0.000418, 0.000280, 0.000268
1844, 0.000424, 0.000221, 0.000212
1845, 0.000433, 0.000298, 0.000287
1846, 0.000434, 0.000216, 0.000207
1847, 0.000433, 0.000280, 0.000270
1848, 0.000426, 0.000228, 0.000219
1849, 0.000417, 0.000236, 0.000226
1850, 0.000419, 0.000268, 0.000257
1851, 0.000422, 0.000219, 0.000210
1852, 0.000428, 0.000295, 0.000283
1853, 0.000436, 0.000219, 0.000211
1854, 0.000427, 0.000260, 0.000249
1855, 0.000421, 0.000237, 0.000228
1856, 0.000417, 0.000227, 0.000218
1857, 0.000420, 0.000269, 0.000256
1858, 0.000421, 0.000223, 0.000213
1859, 0.000418, 0.000248, 0.000237
1860, 0.000417, 0.000243, 0.000232
1861, 0.000416, 0.000224, 0.000214
1862, 0.000418, 0.000267, 0.000257
1863, 0.000420, 0.000219, 0.000209
1864, 0.000419, 0.000252, 0.000240
1865, 0.000417, 0.000236, 0.000226
1866, 0.000415, 0.000226, 0.000216
1867, 0.000416, 0.000253, 0.000241
1868, 0.000416, 0.000226, 0.000216
1869, 0.000413, 0.000238, 0.000227
1870, 0.000414, 0.000238, 0.000227
1871, 0.000415, 0.000233, 0.000224
1872, 0.000415, 0.000238, 0.000228
1873, 0.000412, 0.000232, 0.000223
1874, 0.000411, 0.000240, 0.000231
1875, 0.000413, 0.000235, 0.000224
1876, 0.000412, 0.000231, 0.000221
1877, 0.000411, 0.000244, 0.000232
1878, 0.000413, 0.000221, 0.000211
1879, 0.000414, 0.000263, 0.000251
1880, 0.000416, 0.000218, 0.000208
1881, 0.000416, 0.000262, 0.000249
1882, 0.000412, 0.000223, 0.000212
1883, 0.000410, 0.000236, 0.000225
1884, 0.000409, 0.000238, 0.000227
1885, 0.000409, 0.000222, 0.000212
1886, 0.000411, 0.000250, 0.000240
1887, 0.000412, 0.000227, 0.000217
1888, 0.000409, 0.000227, 0.000217
1889, 0.000410, 0.000258, 0.000247
1890, 0.000412, 0.000218, 0.000207
1891, 0.000412, 0.000249, 0.000237
1892, 0.000409, 0.000228, 0.000218
1893, 0.000411, 0.000240, 0.000228
1894, 0.000410, 0.000228, 0.000217
1895, 0.000407, 0.000242, 0.000231
1896, 0.000411, 0.000225, 0.000214
1897, 0.000407, 0.000239, 0.000228
1898, 0.000409, 0.000231, 0.000221
1899, 0.000406, 0.000230, 0.000219
1900, 0.000406, 0.000239, 0.000228
1901, 0.000405, 0.000221, 0.000211
1902, 0.000408, 0.000253, 0.000241
1903, 0.000410, 0.000222, 0.000211
1904, 0.000407, 0.000240, 0.000228
1905, 0.000407, 0.000226, 0.000216
1906, 0.000404, 0.000236, 0.000225
1907, 0.000406, 0.000233, 0.000222
1908, 0.000403, 0.000225, 0.000214
1909, 0.000406, 0.000250, 0.000238
1910, 0.000407, 0.000218, 0.000208
1911, 0.000407, 0.000251, 0.000238
1912, 0.000406, 0.000224, 0.000213
1913, 0.000406, 0.000234, 0.000223
1914, 0.000404, 0.000241, 0.000228
1915, 0.000404, 0.000218, 0.000207
1916, 0.000405, 0.000251, 0.000237
1917, 0.000407, 0.000215, 0.000203
1918, 0.000406, 0.000245, 0.000232
1919, 0.000404, 0.000235, 0.000223
1920, 0.000404, 0.000217, 0.000206
1921, 0.000404, 0.000259, 0.000246
1922, 0.000407, 0.000213, 0.000202
1923, 0.000408, 0.000264, 0.000251
1924, 0.000408, 0.000214, 0.000203
1925, 0.000409, 0.000256, 0.000244
1926, 0.000406, 0.000221, 0.000210
1927, 0.000405, 0.000243, 0.000231
1928, 0.000400, 0.000221, 0.000209
1929, 0.000400, 0.000239, 0.000226
1930, 0.000401, 0.000225, 0.000214
1931, 0.000403, 0.000225, 0.000214
1932, 0.000401, 0.000248, 0.000235
1933, 0.000404, 0.000217, 0.000207
1934, 0.000404, 0.000242, 0.000230
1935, 0.000403, 0.000227, 0.000215
1936, 0.000400, 0.000225, 0.000214
1937, 0.000398, 0.000235, 0.000224
1938, 0.000400, 0.000223, 0.000212
1939, 0.000400, 0.000231, 0.000220
1940, 0.000400, 0.000229, 0.000217
1941, 0.000399, 0.000228, 0.000216
1942, 0.000398, 0.000236, 0.000224
1943, 0.000400, 0.000228, 0.000217
1944, 0.000397, 0.000221, 0.000210
1945, 0.000398, 0.000244, 0.000232
1946, 0.000402, 0.000215, 0.000204
1947, 0.000398, 0.000246, 0.000235
1948, 0.000398, 0.000221, 0.000210
1949, 0.000400, 0.000225, 0.000214
1950, 0.000398, 0.000247, 0.000236
1951, 0.000399, 0.000209, 0.000199
1952, 0.000404, 0.000272, 0.000258
1953, 0.000407, 0.000204, 0.000194
1954, 0.000410, 0.000273, 0.000260
1955, 0.000406, 0.000214, 0.000202
1956, 0.000398, 0.000226, 0.000214
1957, 0.000397, 0.000251, 0.000238
1958, 0.000399, 0.000206, 0.000195
1959, 0.000401, 0.000268, 0.000254
1960, 0.000404, 0.000207, 0.000196
1961, 0.000402, 0.000251, 0.000238
1962, 0.000397, 0.000218, 0.000206
1963, 0.000395, 0.000219, 0.000206
1964, 0.000396, 0.000254, 0.000239
1965, 0.000400, 0.000206, 0.000195
1966, 0.000402, 0.000253, 0.000239
1967, 0.000397, 0.000216, 0.000205
1968, 0.000395, 0.000218, 0.000206
1969, 0.000398, 0.000255, 0.000242
1970, 0.000399, 0.000204, 0.000194
1971, 0.000401, 0.000256, 0.000243
1972, 0.000397, 0.000220, 0.000207
1973, 0.000392, 0.000214, 0.000202
1974, 0.000394, 0.000255, 0.000241
1975, 0.000399, 0.000203, 0.000191
1976, 0.000401, 0.000265, 0.000252
1977, 0.000401, 0.000203, 0.000192
1978, 0.000397, 0.000244, 0.000231
1979, 0.000395, 0.000222, 0.000210
1980, 0.000391, 0.000212, 0.000200
1981, 0.000393, 0.000247, 0.000235
1982, 0.000397, 0.000207, 0.000196
1983, 0.000393, 0.000232, 0.000220
1984, 0.000393, 0.000222, 0.000209
1985, 0.000391, 0.000214, 0.000203
1986, 0.000392, 0.000235, 0.000223
1987, 0.000390, 0.000214, 0.000203
1988, 0.000392, 0.000232, 0.000221
1989, 0.000391, 0.000217, 0.000205
1990, 0.000393, 0.000226, 0.000214
1991, 0.000392, 0.000225, 0.000212
1992, 0.000388, 0.000221, 0.000207
1993, 0.000390, 0.000226, 0.000212
1994, 0.000390, 0.000228, 0.000214
1995, 0.000391, 0.000218, 0.000205
1996, 0.000392, 0.000229, 0.000215
1997, 0.000390, 0.000216, 0.000204
1998, 0.000389, 0.000231, 0.000218
1999, 0.000392, 0.000214, 0.000201
2000, 0.000388, 0.000224, 0.000211
2001, 0.000387, 0.000230, 0.000216
2002, 0.000388, 0.000211, 0.000199
2003, 0.000391, 0.000239, 0.000224
2004, 0.000389, 0.000212, 0.000200
2005, 0.000388, 0.000222, 0.000209
2006, 0.000387, 0.000226, 0.000213
2007, 0.000387, 0.000214, 0.000202
2008, 0.000387, 0.000233, 0.000221
2009, 0.000387, 0.000212, 0.000199
2010, 0.000390, 0.000231, 0.000218
2011, 0.000389, 0.000220, 0.000207
2012, 0.000387, 0.000217, 0.000204
2013, 0.000389, 0.000237, 0.000224
2014, 0.000388, 0.000208, 0.000195
2015, 0.000388, 0.000248, 0.000233
2016, 0.000388, 0.000209, 0.000197
2017, 0.000389, 0.000234, 0.000220
2018, 0.000387, 0.000223, 0.000210
2019, 0.000386, 0.000211, 0.000198
2020, 0.000385, 0.000243, 0.000229
2021, 0.000390, 0.000197, 0.000185
2022, 0.000393, 0.000270, 0.000254
2023, 0.000395, 0.000199, 0.000186
2024, 0.000394, 0.000241, 0.000227
2025, 0.000386, 0.000221, 0.000209
2026, 0.000384, 0.000211, 0.000199
2027, 0.000386, 0.000243, 0.000229
2028, 0.000387, 0.000196, 0.000185
2029, 0.000399, 0.000284, 0.000268
2030, 0.000401, 0.000195, 0.000183
2031, 0.000400, 0.000272, 0.000257
2032, 0.000395, 0.000201, 0.000188
2033, 0.000386, 0.000226, 0.000212
2034, 0.000381, 0.000226, 0.000212
2035, 0.000384, 0.000202, 0.000189
2036, 0.000385, 0.000250, 0.000236
2037, 0.000387, 0.000198, 0.000186
2038, 0.000389, 0.000255, 0.000240
2039, 0.000390, 0.000199, 0.000187
2040, 0.000388, 0.000234, 0.000219
2041, 0.000384, 0.000210, 0.000196
2042, 0.000382, 0.000212, 0.000198
2043, 0.000380, 0.000231, 0.000216
2044, 0.000383, 0.000202, 0.000189
2045, 0.000383, 0.000230, 0.000217
2046, 0.000381, 0.000210, 0.000198
2047, 0.000381, 0.000210, 0.000198
2048, 0.000381, 0.000237, 0.000224
2049, 0.000384, 0.000194, 0.000182
2050, 0.000384, 0.000251, 0.000236
2051, 0.000385, 0.000198, 0.000185
2052, 0.000383, 0.000225, 0.000210
2053, 0.000378, 0.000218, 0.000203
2054, 0.000381, 0.000210, 0.000196
2055, 0.000379, 0.000218, 0.000204
2056, 0.000378, 0.000215, 0.000200
2057, 0.000381, 0.000208, 0.000195
2058, 0.000379, 0.000233, 0.000219
2059, 0.000383, 0.000201, 0.000187
2060, 0.000382, 0.000237, 0.000222
2061, 0.000380, 0.000205, 0.000191
2062, 0.000379, 0.000217, 0.000203
2063, 0.000377, 0.000217, 0.000203
2064, 0.000376, 0.000206, 0.000192
2065, 0.000375, 0.000225, 0.000211
2066, 0.000376, 0.000207, 0.000193
2067, 0.000381, 0.000222, 0.000208
2068, 0.000379, 0.000214, 0.000200
2069, 0.000378, 0.000214, 0.000199
2070, 0.000375, 0.000212, 0.000198
2071, 0.000377, 0.000221, 0.000207
2072, 0.000379, 0.000209, 0.000195
2073, 0.000377, 0.000222, 0.000208
2074, 0.000376, 0.000214, 0.000202
2075, 0.000377, 0.000214, 0.000200
2076, 0.000377, 0.000224, 0.000210
2077, 0.000377, 0.000207, 0.000195
2078, 0.000379, 0.000219, 0.000204
2079, 0.000376, 0.000214, 0.000199
2080, 0.000374, 0.000210, 0.000196
2081, 0.000374, 0.000232, 0.000216
2082, 0.000375, 0.000198, 0.000185
2083, 0.000378, 0.000242, 0.000227
2084, 0.000380, 0.000201, 0.000187
2085, 0.000376, 0.000222, 0.000208
2086, 0.000375, 0.000220, 0.000207
2087, 0.000376, 0.000203, 0.000190
2088, 0.000373, 0.000226, 0.000212
2089, 0.000374, 0.000210, 0.000196
2090, 0.000372, 0.000218, 0.000204
2091, 0.000373, 0.000206, 0.000193
2092, 0.000372, 0.000219, 0.000204
2093, 0.000372, 0.000206, 0.000192
2094, 0.000371, 0.000216, 0.000202
2095, 0.000371, 0.000213, 0.000199
2096, 0.000370, 0.000210, 0.000196
2097, 0.000372, 0.000218, 0.000203
2098, 0.000371, 0.000209, 0.000194
2099, 0.000373, 0.000214, 0.000199
2100, 0.000372, 0.000219, 0.000205
2101, 0.000371, 0.000206, 0.000192
2102, 0.000372, 0.000237, 0.000222
2103, 0.000373, 0.000191, 0.000179
2104, 0.000377, 0.000257, 0.000240
2105, 0.000381, 0.000192, 0.000180
2106, 0.000378, 0.000244, 0.000229
2107, 0.000374, 0.000200, 0.000186
2108, 0.000371, 0.000213, 0.000199
2109, 0.000369, 0.000224, 0.000210
2110, 0.000373, 0.000201, 0.000187
2111, 0.000371, 0.000224, 0.000209
2112, 0.000370, 0.000205, 0.000191
2113, 0.000371, 0.000220, 0.000204
2114, 0.000370, 0.000211, 0.000196
2115, 0.000371, 0.000217, 0.000202
2116, 0.000369, 0.000215, 0.000200
2117, 0.000367, 0.000212, 0.000197
2118, 0.000370, 0.000216, 0.000201
2119, 0.000368, 0.000216, 0.000201
2120, 0.000368, 0.000207, 0.000192
2121, 0.000367, 0.000225, 0.000210
2122, 0.000365, 0.000204, 0.000189
2123, 0.000370, 0.000211, 0.000196
2124, 0.000368, 0.000212, 0.000197
2125, 0.000367, 0.000201, 0.000186
2126, 0.000368, 0.000226, 0.000211
2127, 0.000369, 0.000198, 0.000184
2128, 0.000368, 0.000233, 0.000218
2129, 0.000371, 0.000203, 0.000188
2130, 0.000368, 0.000227, 0.000211
2131, 0.000368, 0.000208, 0.000194
2132, 0.000369, 0.000215, 0.000200
2133, 0.000368, 0.000216, 0.000201
2134, 0.000366, 0.000207, 0.000193
2135, 0.000366, 0.000220, 0.000205
2136, 0.000365, 0.000201, 0.000187
2137, 0.000368, 0.000224, 0.000209
2138, 0.000366, 0.000200, 0.000185
2139, 0.000366, 0.000216, 0.000200
2140, 0.000364, 0.000229, 0.000214
2141, 0.000369, 0.000190, 0.000175
2142, 0.000372, 0.000271, 0.000254
2143, 0.000376, 0.000184, 0.000171
2144, 0.000378, 0.000273, 0.000256
2145, 0.000379, 0.000190, 0.000177
2146, 0.000374, 0.000238, 0.000223
2147, 0.000365, 0.000207, 0.000192
2148, 0.000365, 0.000201, 0.000187
2149, 0.000363, 0.000227, 0.000211
2150, 0.000364, 0.000195, 0.000181
2151, 0.000368, 0.000224, 0.000208
2152, 0.000363, 0.000204, 0.000189
2153, 0.000364, 0.000209, 0.000193
2154, 0.000363, 0.000213, 0.000198
2155, 0.000362, 0.000207, 0.000192
2156, 0.000361, 0.000209, 0.000194
2157, 0.000362, 0.000211, 0.000197
2158, 0.000363, 0.000201, 0.000187
2159, 0.000362, 0.000220, 0.000205
2160, 0.000361, 0.000199, 0.000184
2161, 0.000363, 0.000224, 0.000208
2162, 0.000366, 0.000195, 0.000181
2163, 0.000362, 0.000227, 0.000212
2164, 0.000364, 0.000203, 0.000187
2165, 0.000364, 0.000216, 0.000201
2166, 0.000360, 0.000203, 0.000188
2167, 0.000361, 0.000227, 0.000210
2168, 0.000366, 0.000194, 0.000180
2169, 0.000364, 0.000239, 0.000222
2170, 0.000366, 0.000192, 0.000178
2171, 0.000366, 0.000236, 0.000220
2172, 0.000364, 0.000194, 0.000179
2173, 0.000364, 0.000233, 0.000217
2174, 0.000363, 0.000194, 0.000179
2175, 0.000362, 0.000224, 0.000208
2176, 0.000361, 0.000199, 0.000185
2177, 0.000362, 0.000217, 0.000202
2178, 0.000357, 0.000203, 0.000188
2179, 0.000357, 0.000211, 0.000196
2180, 0.000360, 0.000208, 0.000192
2181, 0.000359, 0.000213, 0.000196
2182, 0.000360, 0.000204, 0.000188
2183, 0.000358, 0.000215, 0.000198
2184, 0.000359, 0.000196, 0.000180
2185, 0.000359, 0.000227, 0.000210
2186, 0.000358, 0.000195, 0.000180
2187, 0.000358, 0.000225, 0.000209
2188, 0.000357, 0.000201, 0.000187
2189, 0.000357, 0.000202, 0.000187
2190, 0.000357, 0.000223, 0.000207
2191, 0.000358, 0.000193, 0.000178
2192, 0.000359, 0.000232, 0.000216
2193, 0.000360, 0.000192, 0.000177
2194, 0.000362, 0.000222, 0.000206
2195, 0.000358, 0.000199, 0.000183
2196, 0.000357, 0.000215, 0.000199
2197, 0.000355, 0.000218, 0.000202
2198, 0.000357, 0.000189, 0.000174
2199, 0.000360, 0.000242, 0.000225
2200, 0.000362, 0.000183, 0.000169
2201, 0.000362, 0.000245, 0.000228
2202, 0.000364, 0.000186, 0.000171
2203, 0.000360, 0.000235, 0.000219
2204, 0.000357, 0.000194, 0.000180
2205, 0.000357, 0.000210, 0.000194
2206, 0.000355, 0.000223, 0.000207
2207, 0.000354, 0.000184, 0.000169
2208, 0.000360, 0.000268, 0.000249
2209, 0.000366, 0.000177, 0.000162
2210, 0.000366, 0.000257, 0.000239
2211, 0.000362, 0.000186, 0.000171
2212, 0.000359, 0.000207, 0.000191
2213, 0.000357, 0.000223, 0.000207
2214, 0.000355, 0.000182, 0.000168
2215, 0.000359, 0.000252, 0.000234
2216, 0.000363, 0.000176, 0.000162
2217, 0.000361, 0.000238, 0.000221
2218, 0.000358, 0.000198, 0.000183
2219, 0.000354, 0.000196, 0.000180
2220, 0.000354, 0.000237, 0.000219
2221, 0.000357, 0.000182, 0.000166
2222, 0.000359, 0.000241, 0.000223
2223, 0.000359, 0.000187, 0.000173
2224, 0.000358, 0.000223, 0.000206
2225, 0.000354, 0.000204, 0.000189
2226, 0.000351, 0.000193, 0.000178
2227, 0.000352, 0.000224, 0.000207
2228, 0.000353, 0.000184, 0.000169
2229, 0.000357, 0.000229, 0.000211
2230, 0.000354, 0.000186, 0.000171
2231, 0.000355, 0.000220, 0.000202
2232, 0.000352, 0.000196, 0.000180
2233, 0.000352, 0.000203, 0.000187
2234, 0.000351, 0.000210, 0.000194
2235, 0.000352, 0.000190, 0.000175
2236, 0.000353, 0.000229, 0.000213
2237, 0.000353, 0.000185, 0.000170
2238, 0.000354, 0.000231, 0.000215
2239, 0.000354, 0.000188, 0.000173
2240, 0.000354, 0.000209, 0.000193
2241, 0.000350, 0.000210, 0.000194
2242, 0.000348, 0.000187, 0.000172
2243, 0.000351, 0.000227, 0.000210
2244, 0.000352, 0.000190, 0.000175
2245, 0.000351, 0.000204, 0.000188
2246, 0.000349, 0.000220, 0.000203
2247, 0.000351, 0.000178, 0.000163
2248, 0.000355, 0.000257, 0.000238
2249, 0.000359, 0.000175, 0.000161
2250, 0.000359, 0.000237, 0.000219
2251, 0.000352, 0.000187, 0.000172
2252, 0.000352, 0.000216, 0.000201
2253, 0.000347, 0.000199, 0.000183
2254, 0.000347, 0.000197, 0.000181
2255, 0.000347, 0.000216, 0.000201
2256, 0.000347, 0.000187, 0.000172
2257, 0.000347, 0.000216, 0.000199
2258, 0.000346, 0.000199, 0.000183
2259, 0.000347, 0.000205, 0.000188
2260, 0.000346, 0.000201, 0.000185
2261, 0.000347, 0.000208, 0.000192
2262, 0.000344, 0.000198, 0.000182
2263, 0.000349, 0.000203, 0.000187
2264, 0.000345, 0.000190, 0.000175
2265, 0.000348, 0.000226, 0.000208
2266, 0.000347, 0.000190, 0.000174
2267, 0.000344, 0.000202, 0.000185
2268, 0.000345, 0.000208, 0.000191
2269, 0.000344, 0.000186, 0.000171
2270, 0.000347, 0.000226, 0.000208
2271, 0.000347, 0.000192, 0.000175
2272, 0.000344, 0.000213, 0.000196
2273, 0.000345, 0.000198, 0.000181
2274, 0.000344, 0.000199, 0.000182
2275, 0.000343, 0.000202, 0.000186
2276, 0.000345, 0.000201, 0.000185
2277, 0.000344, 0.000208, 0.000191
2278, 0.000344, 0.000203, 0.000187
2279, 0.000345, 0.000199, 0.000182
2280, 0.000343, 0.000205, 0.000189
2281, 0.000344, 0.000205, 0.000189
2282, 0.000342, 0.000191, 0.000175
2283, 0.000343, 0.000227, 0.000212
2284, 0.000345, 0.000186, 0.000171
2285, 0.000346, 0.000229, 0.000212
2286, 0.000347, 0.000185, 0.000170
2287, 0.000346, 0.000217, 0.000199
2288, 0.000342, 0.000201, 0.000183
2289, 0.000345, 0.000207, 0.000190
2290, 0.000343, 0.000208, 0.000190
2291, 0.000341, 0.000198, 0.000181
2292, 0.000343, 0.000208, 0.000191
2293, 0.000342, 0.000192, 0.000176
2294, 0.000342, 0.000216, 0.000198
2295, 0.000342, 0.000199, 0.000183
2296, 0.000344, 0.000204, 0.000188
2297, 0.000340, 0.000209, 0.000193
2298, 0.000344, 0.000195, 0.000180
2299, 0.000344, 0.000216, 0.000199
2300, 0.000341, 0.000191, 0.000174
2301, 0.000340, 0.000210, 0.000193
2302, 0.000341, 0.000204, 0.000187
2303, 0.000341, 0.000205, 0.000188
2304, 0.000341, 0.000196, 0.000180
2305, 0.000340, 0.000214, 0.000196
2306, 0.000341, 0.000210, 0.000193
2307, 0.000342, 0.000185, 0.000169
2308, 0.000343, 0.000263, 0.000244
2309, 0.000350, 0.000169, 0.000154
2310, 0.000354, 0.000280, 0.000262
2311, 0.000359, 0.000166, 0.000151
2312, 0.000357, 0.000269, 0.000251
2313, 0.000356, 0.000172, 0.000157
2314, 0.000347, 0.000227, 0.000209
2315, 0.000341, 0.000203, 0.000186
2316, 0.000340, 0.000182, 0.000166
2317, 0.000341, 0.000247, 0.000228
2318, 0.000347, 0.000168, 0.000153
2319, 0.000353, 0.000277, 0.000259
2320, 0.000357, 0.000169, 0.000154
2321, 0.000352, 0.000234, 0.000217
2322, 0.000342, 0.000191, 0.000175
2323, 0.000337, 0.000187, 0.000170
2324, 0.000341, 0.000229, 0.000210
2325, 0.000340, 0.000180, 0.000163
2326, 0.000340, 0.000219, 0.000199
2327, 0.000338, 0.000185, 0.000169
2328, 0.000338, 0.000209, 0.000191
2329, 0.000335, 0.000190, 0.000174
2330, 0.000336, 0.000197, 0.000181
2331, 0.000335, 0.000200, 0.000184
2332, 0.000337, 0.000183, 0.000168
2333, 0.000336, 0.000219, 0.000201
2334, 0.000339, 0.000183, 0.000166
2335, 0.000335, 0.000217, 0.000199
2336, 0.000338, 0.000185, 0.000168
2337, 0.000338, 0.000210, 0.000192
2338, 0.000338, 0.000192, 0.000174
2339, 0.000333, 0.000199, 0.000182
2340, 0.000334, 0.000202, 0.000185
2341, 0.000331, 0.000188, 0.000171
2342, 0.000335, 0.000221, 0.000204
2343, 0.000337, 0.000175, 0.000159
2344, 0.000338, 0.000237, 0.000218
2345, 0.000341, 0.000175, 0.000159
2346, 0.000337, 0.000213, 0.000195
2347, 0.000334, 0.000200, 0.000182
2348, 0.000333, 0.000183, 0.000166
2349, 0.000333, 0.000222, 0.000204
2350, 0.000335, 0.000177, 0.000160
2351, 0.000336, 0.000228, 0.000209
2352, 0.000338, 0.000174, 0.000159
2353, 0.000340, 0.000230, 0.000212
2354, 0.000338, 0.000174, 0.000159
2355, 0.000335, 0.000232, 0.000214
2356, 0.000338, 0.000177, 0.000161
2357, 0.000334, 0.000206, 0.000188
2358, 0.000331, 0.000197, 0.000180
2359, 0.000330, 0.000196, 0.000178
2360, 0.000332, 0.000197, 0.000180
2361, 0.000330, 0.000211, 0.000193
2362, 0.000332, 0.000177, 0.000161
2363, 0.000334, 0.000231, 0.000213
2364, 0.000335, 0.000175, 0.000159
2365, 0.000332, 0.000215, 0.000197
2366, 0.000333, 0.000185, 0.000169
2367, 0.000330, 0.000199, 0.000181
2368, 0.000329, 0.000199, 0.000181
2369, 0.000328, 0.000193, 0.000175
2370, 0.000331, 0.000202, 0.000184
2371, 0.000329, 0.000188, 0.000171
2372, 0.000330, 0.000205, 0.000188
2373, 0.000330, 0.000185, 0.000168
2374, 0.000330, 0.000214, 0.000196
2375, 0.000330, 0.000193, 0.000175
2376, 0.000329, 0.000194, 0.000177
2377, 0.000327, 0.000216, 0.000198
2378, 0.000329, 0.000180, 0.000164
2379, 0.000330, 0.000216, 0.000198
2380, 0.000329, 0.000182, 0.000166
2381, 0.000330, 0.000217, 0.000199
2382, 0.000326, 0.000192, 0.000175
2383, 0.000327, 0.000192, 0.000175
2384, 0.000329, 0.000216, 0.000197
2385, 0.000329, 0.000183, 0.000166
2386, 0.000328, 0.000223, 0.000204
2387, 0.000330, 0.000174, 0.000158
2388, 0.000333, 0.000225, 0.000206
2389, 0.000328, 0.000187, 0.000171
2390, 0.000329, 0.000199, 0.000182
2391, 0.000327, 0.000214, 0.000196
2392, 0.000327, 0.000179, 0.000163
2393, 0.000329, 0.000237, 0.000219
2394, 0.000334, 0.000177, 0.000160
2395, 0.000332, 0.000235, 0.000217
2396, 0.000332, 0.000175, 0.000160
2397, 0.000329, 0.000227, 0.000209
2398, 0.000330, 0.000178, 0.000163
2399, 0.000332, 0.000208, 0.000190
2400, 0.000325, 0.000211, 0.000193
2401, 0.000324, 0.000176, 0.000160
2402, 0.000329, 0.000227, 0.000208
2403, 0.000327, 0.000184, 0.000167
2404, 0.000330, 0.000212, 0.000195
2405, 0.000327, 0.000189, 0.000173
2406, 0.000323, 0.000212, 0.000195
2407, 0.000325, 0.000185, 0.000169
2408, 0.000324, 0.000213, 0.000196
2409, 0.000325, 0.000184, 0.000167
2410, 0.000322, 0.000206, 0.000189
2411, 0.000324, 0.000199, 0.000182
2412, 0.000323, 0.000185, 0.000169
2413, 0.000323, 0.000213, 0.000196
2414, 0.000326, 0.000187, 0.000172
2415, 0.000324, 0.000196, 0.000180
2416, 0.000323, 0.000209, 0.000193
2417, 0.000322, 0.000182, 0.000167
2418, 0.000324, 0.000223, 0.000206
2419, 0.000323, 0.000177, 0.000162
2420, 0.000321, 0.000211, 0.000193
2421, 0.000321, 0.000200, 0.000182
2422, 0.000321, 0.000180, 0.000163
2423, 0.000325, 0.000234, 0.000214
2424, 0.000327, 0.000174, 0.000157
