Epoch, Train Loss, Valid Loss, Test Loss
1, 0.397417, 0.542141, 0.543788
2, 0.341698, 0.475946, 0.478256
3, 0.299183, 0.417515, 0.420708
4, 0.267604, 0.369457, 0.373241
5, 0.243580, 0.331432, 0.335741
6, 0.224884, 0.307250, 0.311629
7, 0.212272, 0.287574, 0.291953
8, 0.201065, 0.270360, 0.274629
9, 0.190305, 0.253216, 0.257130
10, 0.179007, 0.236294, 0.239887
11, 0.167523, 0.219760, 0.223016
12, 0.155928, 0.203670, 0.206537
13, 0.144387, 0.188776, 0.191291
14, 0.133574, 0.174651, 0.176886
15, 0.123420, 0.161036, 0.163037
16, 0.113738, 0.148096, 0.149892
17, 0.104571, 0.135708, 0.137319
18, 0.095828, 0.123649, 0.125102
19, 0.087370, 0.111843, 0.113173
20, 0.079151, 0.100391, 0.101625
21, 0.071230, 0.089460, 0.090612
22, 0.063695, 0.079264, 0.080339
23, 0.056649, 0.069984, 0.070980
24, 0.050193, 0.061669, 0.062580
25, 0.044379, 0.054284, 0.055114
26, 0.039202, 0.047773, 0.048532
27, 0.034614, 0.042076, 0.042774
28, 0.030580, 0.037134, 0.037778
29, 0.027062, 0.032815, 0.033410
30, 0.023980, 0.028978, 0.029530
31, 0.021281, 0.025579, 0.026091
32, 0.018869, 0.022606, 0.023082
33, 0.016791, 0.020047, 0.020489
34, 0.014975, 0.017853, 0.018265
35, 0.013421, 0.015984, 0.016369
36, 0.012102, 0.014398, 0.014760
37, 0.010981, 0.013063, 0.013408
38, 0.010040, 0.011931, 0.012262
39, 0.009236, 0.010962, 0.011279
40, 0.008543, 0.010109, 0.010414
41, 0.007929, 0.009335, 0.009629
42, 0.007392, 0.008618, 0.008903
43, 0.006892, 0.007982, 0.008256
44, 0.006452, 0.007410, 0.007673
45, 0.006055, 0.006896, 0.007148
46, 0.005697, 0.006432, 0.006675
47, 0.005389, 0.006014, 0.006250
48, 0.005110, 0.005648, 0.005878
49, 0.004869, 0.005336, 0.005560
50, 0.004659, 0.005073, 0.005291
51, 0.004478, 0.004847, 0.005057
52, 0.004313, 0.004643, 0.004845
53, 0.004163, 0.004460, 0.004654
54, 0.004033, 0.004292, 0.004480
55, 0.003916, 0.004144, 0.004325
56, 0.003807, 0.004012, 0.004189
57, 0.003712, 0.003890, 0.004062
58, 0.003629, 0.003785, 0.003952
59, 0.003560, 0.003701, 0.003863
60, 0.003502, 0.003633, 0.003790
61, 0.003447, 0.003568, 0.003720
62, 0.003396, 0.003500, 0.003649
63, 0.003358, 0.003436, 0.003581
64, 0.003320, 0.003374, 0.003515
65, 0.003282, 0.003325, 0.003461
66, 0.003243, 0.003281, 0.003413
67, 0.003203, 0.003242, 0.003371
68, 0.003185, 0.003197, 0.003322
69, 0.003153, 0.003156, 0.003278
70, 0.003137, 0.003123, 0.003242
71, 0.003107, 0.003102, 0.003218
72, 0.003086, 0.003079, 0.003192
73, 0.003072, 0.003054, 0.003164
74, 0.003054, 0.003029, 0.003136
75, 0.003040, 0.003006, 0.003110
76, 0.003020, 0.002989, 0.003090
77, 0.003013, 0.002975, 0.003074
78, 0.003001, 0.002966, 0.003061
79, 0.002989, 0.002953, 0.003045
80, 0.002975, 0.002936, 0.003026
81, 0.002967, 0.002919, 0.003007
82, 0.002959, 0.002904, 0.002990
83, 0.002952, 0.002899, 0.002982
84, 0.002940, 0.002900, 0.002981
85, 0.002939, 0.002890, 0.002967
86, 0.002926, 0.002879, 0.002954
87, 0.002920, 0.002866, 0.002940
88, 0.002914, 0.002856, 0.002928
89, 0.002908, 0.002851, 0.002921
90, 0.002906, 0.002843, 0.002911
91, 0.002894, 0.002835, 0.002901
92, 0.002893, 0.002832, 0.002895
93, 0.002894, 0.002831, 0.002892
94, 0.002884, 0.002827, 0.002885
95, 0.002878, 0.002821, 0.002877
96, 0.002868, 0.002813, 0.002868
97, 0.002870, 0.002804, 0.002858
98, 0.002865, 0.002799, 0.002851
99, 0.002857, 0.002802, 0.002851
100, 0.002858, 0.002803, 0.002852
101, 0.002853, 0.002801, 0.002848
102, 0.002844, 0.002791, 0.002838
103, 0.002844, 0.002782, 0.002827
104, 0.002843, 0.002779, 0.002822
105, 0.002836, 0.002782, 0.002823
106, 0.002832, 0.002785, 0.002825
107, 0.002833, 0.002781, 0.002820
108, 0.002825, 0.002773, 0.002810
109, 0.002821, 0.002765, 0.002801
110, 0.002821, 0.002765, 0.002799
111, 0.002819, 0.002769, 0.002801
112, 0.002819, 0.002764, 0.002795
113, 0.002812, 0.002759, 0.002790
114, 0.002809, 0.002755, 0.002785
115, 0.002813, 0.002754, 0.002783
116, 0.002798, 0.002753, 0.002782
117, 0.002797, 0.002749, 0.002777
118, 0.002794, 0.002746, 0.002773
119, 0.002794, 0.002747, 0.002772
120, 0.002793, 0.002746, 0.002771
121, 0.002788, 0.002744, 0.002768
122, 0.002789, 0.002741, 0.002764
123, 0.002787, 0.002739, 0.002761
124, 0.002784, 0.002737, 0.002757
125, 0.002782, 0.002738, 0.002757
126, 0.002778, 0.002737, 0.002755
127, 0.002776, 0.002727, 0.002746
128, 0.002776, 0.002724, 0.002742
129, 0.002774, 0.002725, 0.002742
130, 0.002770, 0.002731, 0.002746
131, 0.002769, 0.002729, 0.002743
132, 0.002762, 0.002725, 0.002739
133, 0.002758, 0.002720, 0.002734
134, 0.002757, 0.002719, 0.002731
135, 0.002752, 0.002718, 0.002730
136, 0.002755, 0.002717, 0.002728
137, 0.002754, 0.002719, 0.002729
138, 0.002748, 0.002716, 0.002725
139, 0.002746, 0.002715, 0.002723
140, 0.002741, 0.002710, 0.002717
141, 0.002738, 0.002708, 0.002716
142, 0.002735, 0.002707, 0.002714
143, 0.002732, 0.002709, 0.002715
144, 0.002733, 0.002709, 0.002715
145, 0.002730, 0.002710, 0.002716
146, 0.002726, 0.002707, 0.002711
147, 0.002727, 0.002702, 0.002706
148, 0.002720, 0.002698, 0.002702
149, 0.002728, 0.002696, 0.002700
150, 0.002720, 0.002696, 0.002699
151, 0.002715, 0.002698, 0.002700
152, 0.002716, 0.002697, 0.002698
153, 0.002709, 0.002697, 0.002697
154, 0.002715, 0.002693, 0.002694
155, 0.002709, 0.002692, 0.002693
156, 0.002706, 0.002692, 0.002692
157, 0.002705, 0.002693, 0.002692
158, 0.002701, 0.002691, 0.002689
159, 0.002701, 0.002692, 0.002690
160, 0.002699, 0.002687, 0.002685
161, 0.002697, 0.002688, 0.002686
162, 0.002689, 0.002684, 0.002681
163, 0.002694, 0.002683, 0.002679
164, 0.002690, 0.002681, 0.002677
165, 0.002686, 0.002682, 0.002678
166, 0.002687, 0.002683, 0.002677
167, 0.002680, 0.002684, 0.002678
168, 0.002682, 0.002681, 0.002676
169, 0.002677, 0.002679, 0.002673
170, 0.002683, 0.002676, 0.002670
171, 0.002678, 0.002677, 0.002669
172, 0.002675, 0.002673, 0.002666
173, 0.002670, 0.002673, 0.002666
174, 0.002672, 0.002673, 0.002665
175, 0.002668, 0.002672, 0.002663
176, 0.002668, 0.002671, 0.002663
177, 0.002661, 0.002671, 0.002662
178, 0.002663, 0.002669, 0.002661
179, 0.002659, 0.002670, 0.002661
180, 0.002656, 0.002668, 0.002659
181, 0.002658, 0.002667, 0.002658
182, 0.002652, 0.002665, 0.002656
183, 0.002651, 0.002662, 0.002652
184, 0.002650, 0.002661, 0.002650
185, 0.002647, 0.002662, 0.002650
186, 0.002646, 0.002664, 0.002652
187, 0.002646, 0.002662, 0.002650
188, 0.002641, 0.002661, 0.002649
189, 0.002641, 0.002658, 0.002645
190, 0.002642, 0.002660, 0.002646
191, 0.002637, 0.002658, 0.002645
192, 0.002635, 0.002655, 0.002643
193, 0.002631, 0.002653, 0.002640
194, 0.002629, 0.002650, 0.002637
195, 0.002628, 0.002650, 0.002636
196, 0.002629, 0.002651, 0.002637
197, 0.002629, 0.002651, 0.002637
198, 0.002625, 0.002649, 0.002634
199, 0.002619, 0.002646, 0.002631
200, 0.002620, 0.002644, 0.002629
201, 0.002615, 0.002645, 0.002630
202, 0.002615, 0.002647, 0.002632
203, 0.002616, 0.002647, 0.002632
204, 0.002610, 0.002643, 0.002627
205, 0.002615, 0.002640, 0.002623
206, 0.002611, 0.002638, 0.002621
207, 0.002608, 0.002637, 0.002621
208, 0.002606, 0.002637, 0.002622
209, 0.002605, 0.002636, 0.002620
210, 0.002599, 0.002635, 0.002618
211, 0.002602, 0.002634, 0.002616
212, 0.002601, 0.002635, 0.002617
213, 0.002599, 0.002634, 0.002616
214, 0.002593, 0.002631, 0.002614
215, 0.002597, 0.002629, 0.002612
216, 0.002593, 0.002628, 0.002611
217, 0.002591, 0.002627, 0.002609
218, 0.002592, 0.002628, 0.002609
219, 0.002587, 0.002625, 0.002607
220, 0.002586, 0.002623, 0.002605
221, 0.002586, 0.002621, 0.002603
222, 0.002585, 0.002620, 0.002602
223, 0.002582, 0.002620, 0.002601
224, 0.002581, 0.002620, 0.002600
225, 0.002577, 0.002619, 0.002599
226, 0.002574, 0.002617, 0.002598
227, 0.002575, 0.002615, 0.002596
228, 0.002576, 0.002613, 0.002594
229, 0.002570, 0.002613, 0.002592
230, 0.002568, 0.002613, 0.002592
231, 0.002568, 0.002610, 0.002590
232, 0.002565, 0.002609, 0.002590
233, 0.002564, 0.002608, 0.002588
234, 0.002562, 0.002608, 0.002587
235, 0.002563, 0.002605, 0.002584
236, 0.002561, 0.002603, 0.002583
237, 0.002562, 0.002601, 0.002581
238, 0.002559, 0.002600, 0.002580
239, 0.002554, 0.002601, 0.002580
240, 0.002557, 0.002599, 0.002577
241, 0.002551, 0.002596, 0.002575
242, 0.002551, 0.002593, 0.002572
243, 0.002551, 0.002591, 0.002570
244, 0.002547, 0.002591, 0.002569
245, 0.002545, 0.002591, 0.002569
246, 0.002545, 0.002590, 0.002568
247, 0.002541, 0.002587, 0.002565
248, 0.002539, 0.002584, 0.002562
249, 0.002541, 0.002582, 0.002560
250, 0.002537, 0.002581, 0.002559
251, 0.002536, 0.002581, 0.002559
252, 0.002534, 0.002580, 0.002558
253, 0.002533, 0.002578, 0.002555
254, 0.002537, 0.002576, 0.002553
255, 0.002528, 0.002573, 0.002551
256, 0.002529, 0.002572, 0.002549
257, 0.002528, 0.002572, 0.002549
258, 0.002523, 0.002571, 0.002548
259, 0.002526, 0.002569, 0.002546
260, 0.002521, 0.002565, 0.002542
261, 0.002519, 0.002563, 0.002539
262, 0.002517, 0.002562, 0.002539
263, 0.002516, 0.002561, 0.002537
264, 0.002516, 0.002561, 0.002536
265, 0.002512, 0.002558, 0.002534
266, 0.002512, 0.002554, 0.002531
267, 0.002510, 0.002551, 0.002527
268, 0.002510, 0.002551, 0.002527
269, 0.002505, 0.002552, 0.002527
270, 0.002505, 0.002550, 0.002525
271, 0.002505, 0.002548, 0.002523
272, 0.002503, 0.002545, 0.002521
273, 0.002500, 0.002543, 0.002517
274, 0.002500, 0.002540, 0.002514
275, 0.002495, 0.002540, 0.002514
276, 0.002492, 0.002540, 0.002516
277, 0.002494, 0.002538, 0.002512
278, 0.002492, 0.002536, 0.002509
279, 0.002491, 0.002533, 0.002507
280, 0.002487, 0.002531, 0.002505
281, 0.002489, 0.002528, 0.002502
282, 0.002488, 0.002528, 0.002502
283, 0.002487, 0.002527, 0.002501
284, 0.002486, 0.002528, 0.002501
285, 0.002482, 0.002525, 0.002499
286, 0.002481, 0.002521, 0.002496
287, 0.002480, 0.002517, 0.002491
288, 0.002474, 0.002517, 0.002491
289, 0.002477, 0.002517, 0.002491
290, 0.002476, 0.002514, 0.002487
291, 0.002474, 0.002514, 0.002488
292, 0.002469, 0.002516, 0.002490
293, 0.002471, 0.002512, 0.002486
294, 0.002471, 0.002507, 0.002480
295, 0.002468, 0.002506, 0.002480
296, 0.002464, 0.002509, 0.002483
297, 0.002467, 0.002508, 0.002482
298, 0.002465, 0.002503, 0.002475
299, 0.002460, 0.002500, 0.002473
300, 0.002462, 0.002502, 0.002475
301, 0.002463, 0.002500, 0.002473
302, 0.002459, 0.002498, 0.002470
303, 0.002458, 0.002499, 0.002471
304, 0.002461, 0.002500, 0.002472
305, 0.002458, 0.002495, 0.002467
306, 0.002455, 0.002491, 0.002462
307, 0.002453, 0.002494, 0.002466
308, 0.002454, 0.002492, 0.002464
309, 0.002452, 0.002489, 0.002461
310, 0.002449, 0.002489, 0.002461
311, 0.002450, 0.002491, 0.002463
312, 0.002449, 0.002488, 0.002461
313, 0.002448, 0.002487, 0.002459
314, 0.002448, 0.002486, 0.002458
315, 0.002446, 0.002486, 0.002459
316, 0.002446, 0.002484, 0.002456
317, 0.002442, 0.002481, 0.002453
318, 0.002445, 0.002481, 0.002453
319, 0.002443, 0.002483, 0.002455
320, 0.002444, 0.002481, 0.002453
321, 0.002443, 0.002478, 0.002450
322, 0.002440, 0.002481, 0.002453
323, 0.002442, 0.002483, 0.002455
324, 0.002441, 0.002478, 0.002449
325, 0.002439, 0.002475, 0.002447
326, 0.002437, 0.002475, 0.002446
327, 0.002437, 0.002474, 0.002445
328, 0.002434, 0.002474, 0.002445
329, 0.002437, 0.002475, 0.002446
330, 0.002436, 0.002473, 0.002444
331, 0.002433, 0.002474, 0.002446
332, 0.002435, 0.002473, 0.002444
333, 0.002432, 0.002473, 0.002444
334, 0.002432, 0.002470, 0.002441
335, 0.002429, 0.002468, 0.002440
336, 0.002430, 0.002474, 0.002445
337, 0.002430, 0.002471, 0.002442
338, 0.002431, 0.002464, 0.002436
339, 0.002429, 0.002466, 0.002438
340, 0.002429, 0.002471, 0.002442
341, 0.002428, 0.002465, 0.002437
342, 0.002425, 0.002465, 0.002437
343, 0.002428, 0.002471, 0.002442
344, 0.002424, 0.002464, 0.002435
345, 0.002423, 0.002459, 0.002430
346, 0.002424, 0.002465, 0.002435
347, 0.002423, 0.002467, 0.002438
348, 0.002423, 0.002461, 0.002432
349, 0.002426, 0.002462, 0.002433
350, 0.002423, 0.002464, 0.002435
351, 0.002421, 0.002459, 0.002430
352, 0.002422, 0.002458, 0.002429
353, 0.002420, 0.002460, 0.002431
354, 0.002420, 0.002458, 0.002430
355, 0.002420, 0.002456, 0.002428
356, 0.002419, 0.002458, 0.002429
357, 0.002419, 0.002456, 0.002428
358, 0.002417, 0.002454, 0.002426
359, 0.002416, 0.002455, 0.002426
360, 0.002418, 0.002461, 0.002432
361, 0.002418, 0.002454, 0.002425
362, 0.002417, 0.002450, 0.002422
363, 0.002417, 0.002454, 0.002425
364, 0.002412, 0.002454, 0.002425
365, 0.002415, 0.002449, 0.002420
366, 0.002415, 0.002450, 0.002421
367, 0.002412, 0.002453, 0.002424
368, 0.002411, 0.002448, 0.002419
369, 0.002412, 0.002448, 0.002419
370, 0.002411, 0.002451, 0.002422
371, 0.002413, 0.002450, 0.002420
372, 0.002414, 0.002446, 0.002417
373, 0.002411, 0.002449, 0.002419
374, 0.002409, 0.002447, 0.002418
375, 0.002409, 0.002446, 0.002417
376, 0.002408, 0.002448, 0.002419
377, 0.002409, 0.002446, 0.002417
378, 0.002409, 0.002446, 0.002416
379, 0.002411, 0.002446, 0.002416
380, 0.002407, 0.002443, 0.002414
381, 0.002405, 0.002445, 0.002416
382, 0.002406, 0.002444, 0.002415
383, 0.002405, 0.002442, 0.002413
384, 0.002409, 0.002443, 0.002414
385, 0.002406, 0.002445, 0.002415
386, 0.002404, 0.002441, 0.002412
387, 0.002405, 0.002441, 0.002411
388, 0.002404, 0.002439, 0.002410
389, 0.002403, 0.002444, 0.002414
390, 0.002404, 0.002441, 0.002411
391, 0.002404, 0.002439, 0.002409
392, 0.002403, 0.002444, 0.002413
393, 0.002403, 0.002438, 0.002409
394, 0.002401, 0.002437, 0.002408
395, 0.002398, 0.002440, 0.002410
396, 0.002401, 0.002442, 0.002412
397, 0.002399, 0.002436, 0.002407
398, 0.002400, 0.002439, 0.002409
399, 0.002400, 0.002439, 0.002409
400, 0.002402, 0.002432, 0.002403
401, 0.002398, 0.002435, 0.002405
402, 0.002395, 0.002442, 0.002412
403, 0.002399, 0.002435, 0.002407
404, 0.002399, 0.002433, 0.002404
405, 0.002397, 0.002437, 0.002407
406, 0.002396, 0.002436, 0.002405
407, 0.002397, 0.002430, 0.002401
408, 0.002395, 0.002433, 0.002403
409, 0.002397, 0.002434, 0.002404
410, 0.002394, 0.002434, 0.002403
411, 0.002394, 0.002431, 0.002401
412, 0.002394, 0.002434, 0.002404
413, 0.002395, 0.002431, 0.002401
414, 0.002393, 0.002430, 0.002400
415, 0.002392, 0.002432, 0.002402
416, 0.002396, 0.002431, 0.002401
417, 0.002391, 0.002431, 0.002401
418, 0.002391, 0.002426, 0.002398
419, 0.002393, 0.002431, 0.002402
420, 0.002389, 0.002433, 0.002404
421, 0.002389, 0.002426, 0.002398
422, 0.002393, 0.002428, 0.002398
423, 0.002391, 0.002438, 0.002407
424, 0.002393, 0.002426, 0.002397
425, 0.002392, 0.002425, 0.002396
426, 0.002393, 0.002445, 0.002412
427, 0.002390, 0.002427, 0.002397
428, 0.002392, 0.002424, 0.002395
429, 0.002393, 0.002435, 0.002404
430, 0.002393, 0.002428, 0.002398
431, 0.002387, 0.002423, 0.002395
432, 0.002390, 0.002428, 0.002397
433, 0.002388, 0.002436, 0.002404
434, 0.002391, 0.002423, 0.002394
435, 0.002388, 0.002429, 0.002399
436, 0.002385, 0.002439, 0.002408
437, 0.002388, 0.002423, 0.002394
438, 0.002388, 0.002422, 0.002393
439, 0.002385, 0.002430, 0.002400
440, 0.002387, 0.002421, 0.002393
441, 0.002385, 0.002421, 0.002392
442, 0.002388, 0.002429, 0.002399
443, 0.002387, 0.002424, 0.002395
444, 0.002385, 0.002423, 0.002394
445, 0.002382, 0.002425, 0.002395
446, 0.002384, 0.002425, 0.002394
447, 0.002385, 0.002419, 0.002390
448, 0.002384, 0.002426, 0.002395
449, 0.002383, 0.002426, 0.002395
450, 0.002382, 0.002420, 0.002390
451, 0.002382, 0.002421, 0.002392
452, 0.002383, 0.002424, 0.002393
453, 0.002380, 0.002419, 0.002389
454, 0.002384, 0.002420, 0.002390
455, 0.002382, 0.002427, 0.002395
456, 0.002382, 0.002421, 0.002391
457, 0.002379, 0.002419, 0.002389
458, 0.002381, 0.002421, 0.002390
459, 0.002384, 0.002427, 0.002396
460, 0.002382, 0.002417, 0.002388
461, 0.002381, 0.002417, 0.002388
462, 0.002379, 0.002423, 0.002392
463, 0.002381, 0.002417, 0.002387
464, 0.002379, 0.002419, 0.002389
465, 0.002379, 0.002424, 0.002393
466, 0.002379, 0.002415, 0.002386
467, 0.002381, 0.002418, 0.002388
468, 0.002378, 0.002429, 0.002398
469, 0.002381, 0.002415, 0.002386
470, 0.002381, 0.002417, 0.002387
471, 0.002376, 0.002426, 0.002394
472, 0.002382, 0.002415, 0.002386
473, 0.002377, nan, nan
