Epoch, Train Loss, Valid Loss, Test Loss
1, 0.571727, 0.509070, 0.507217
2, 0.450946, 0.396673, 0.395446
3, 0.346267, 0.298410, 0.297474
4, 0.257335, 0.218354, 0.217615
5, 0.186958, 0.156953, 0.156402
6, 0.134633, 0.112196, 0.111810
7, 0.097107, 0.080266, 0.080029
8, 0.070069, 0.058414, 0.058308
9, 0.050325, 0.042909, 0.042899
10, 0.036324, 0.031619, 0.031669
11, 0.026310, 0.023113, 0.023191
12, 0.019199, 0.016890, 0.016983
13, 0.014210, 0.012577, 0.012673
14, 0.010752, 0.009663, 0.009762
15, 0.008381, 0.007659, 0.007763
16, 0.006744, 0.006335, 0.006444
17, 0.005623, 0.005376, 0.005484
18, 0.004852, 0.004696, 0.004801
19, 0.004321, 0.004250, 0.004353
20, 0.003970, 0.003908, 0.004012
21, 0.003717, 0.003683, 0.003782
22, 0.003544, 0.003522, 0.003621
23, 0.003423, 0.003388, 0.003482
24, 0.003342, 0.003301, 0.003392
25, 0.003276, 0.003243, 0.003336
26, 0.003233, 0.003186, 0.003277
27, 0.003194, 0.003140, 0.003227
28, 0.003174, 0.003108, 0.003196
29, 0.003149, 0.003076, 0.003164
30, 0.003134, 0.003049, 0.003133
31, 0.003125, 0.003037, 0.003115
32, 0.003106, 0.003011, 0.003093
33, 0.003099, 0.003010, 0.003093
34, 0.003090, 0.002981, 0.003061
35, 0.003076, 0.002959, 0.003035
36, 0.003067, 0.002954, 0.003030
37, 0.003060, 0.002948, 0.003023
38, 0.003051, 0.002938, 0.003015
39, 0.003050, 0.002934, 0.003012
40, 0.003037, 0.002920, 0.002992
41, 0.003032, 0.002903, 0.002976
42, 0.003027, 0.002909, 0.002982
43, 0.003017, 0.002888, 0.002959
44, 0.003016, 0.002893, 0.002964
45, 0.003011, 0.002881, 0.002956
46, 0.003011, 0.002875, 0.002947
47, 0.002999, 0.002860, 0.002929
48, 0.002998, 0.002858, 0.002928
49, 0.002998, 0.002863, 0.002933
50, 0.002993, 0.002862, 0.002931
51, 0.002987, 0.002857, 0.002925
52, 0.002988, 0.002843, 0.002910
53, 0.002985, 0.002834, 0.002904
54, 0.002978, 0.002836, 0.002907
55, 0.002976, 0.002843, 0.002913
56, 0.002975, 0.002836, 0.002898
57, 0.002969, 0.002832, 0.002900
58, 0.002968, 0.002827, 0.002897
59, 0.002961, 0.002816, 0.002886
60, 0.002961, 0.002822, 0.002885
61, 0.002960, 0.002823, 0.002884
62, 0.002952, 0.002816, 0.002884
63, 0.002954, 0.002812, 0.002880
64, 0.002955, 0.002814, 0.002880
65, 0.002948, 0.002806, 0.002873
66, 0.002946, 0.002804, 0.002869
67, 0.002944, 0.002797, 0.002856
68, 0.002942, 0.002803, 0.002868
69, 0.002941, 0.002798, 0.002865
70, 0.002942, 0.002799, 0.002866
71, 0.002941, 0.002801, 0.002868
72, 0.002940, 0.002789, 0.002849
73, 0.002938, 0.002792, 0.002854
74, 0.002937, 0.002790, 0.002856
75, 0.002937, 0.002779, 0.002836
76, 0.002929, 0.002784, 0.002845
77, 0.002932, 0.002789, 0.002851
78, 0.002926, 0.002780, 0.002841
79, 0.002931, 0.002786, 0.002851
80, 0.002921, 0.002776, 0.002840
81, 0.002921, 0.002782, 0.002843
82, 0.002923, 0.002781, 0.002846
83, 0.002917, 0.002776, 0.002836
84, 0.002923, 0.002780, 0.002836
85, 0.002912, 0.002774, 0.002834
86, 0.002921, 0.002775, 0.002841
87, 0.002918, 0.002765, 0.002827
88, 0.002910, 0.002762, 0.002823
89, 0.002911, 0.002768, 0.002831
90, 0.002914, 0.002779, 0.002840
91, 0.002914, 0.002772, 0.002830
92, 0.002908, 0.002766, 0.002828
93, 0.002907, 0.002772, 0.002834
94, 0.002909, 0.002764, 0.002821
95, 0.002905, 0.002768, 0.002829
96, 0.002902, 0.002762, 0.002824
97, 0.002907, 0.002758, 0.002815
98, 0.002900, 0.002753, 0.002810
99, 0.002898, 0.002757, 0.002817
100, 0.002906, 0.002759, 0.002817
101, 0.002899, 0.002761, 0.002819
102, 0.002906, 0.002758, 0.002820
103, 0.002894, 0.002753, 0.002811
104, 0.002902, 0.002759, 0.002810
105, 0.002897, 0.002761, 0.002821
106, 0.002902, 0.002755, 0.002822
107, 0.002894, 0.002752, 0.002808
108, 0.002896, 0.002745, 0.002800
109, 0.002898, 0.002756, 0.002822
110, 0.002893, 0.002754, 0.002807
111, 0.002895, 0.002753, 0.002808
112, 0.002894, 0.002754, 0.002812
113, 0.002888, 0.002743, 0.002799
114, 0.002894, 0.002754, 0.002814
115, 0.002889, 0.002750, 0.002804
116, 0.002888, 0.002741, 0.002800
117, 0.002887, 0.002749, 0.002807
118, 0.002888, 0.002745, 0.002798
119, 0.002887, 0.002743, 0.002797
120, 0.002885, 0.002748, 0.002811
121, 0.002878, 0.002740, 0.002798
122, 0.002882, 0.002740, 0.002800
123, 0.002885, 0.002743, 0.002802
124, 0.002880, 0.002741, 0.002794
125, 0.002882, 0.002736, 0.002786
126, 0.002887, 0.002737, 0.002796
127, 0.002883, 0.002749, 0.002805
128, 0.002880, 0.002744, 0.002796
129, 0.002878, 0.002741, 0.002795
130, 0.002881, 0.002737, 0.002792
131, 0.002880, 0.002741, 0.002799
132, 0.002877, 0.002732, 0.002789
133, 0.002876, 0.002733, 0.002788
134, 0.002877, 0.002737, 0.002797
135, 0.002875, 0.002739, 0.002796
136, 0.002875, 0.002732, 0.002779
137, 0.002873, 0.002738, 0.002791
138, 0.002874, 0.002739, 0.002797
139, 0.002872, 0.002728, 0.002785
140, 0.002870, 0.002731, 0.002788
141, 0.002873, 0.002733, 0.002786
142, 0.002868, 0.002732, 0.002785
143, 0.002866, 0.002730, 0.002785
144, 0.002874, 0.002735, 0.002787
145, 0.002873, 0.002727, 0.002787
146, 0.002871, 0.002741, 0.002797
147, 0.002870, 0.002728, 0.002779
148, 0.002869, 0.002739, 0.002797
149, 0.002869, 0.002727, 0.002784
150, 0.002871, 0.002725, 0.002773
151, 0.002867, 0.002728, 0.002783
152, 0.002867, 0.002723, 0.002779
153, 0.002868, 0.002726, 0.002781
154, 0.002864, 0.002728, 0.002777
155, 0.002871, 0.002727, 0.002774
156, 0.002867, 0.002726, 0.002793
157, 0.002864, 0.002726, 0.002775
158, 0.002863, 0.002729, 0.002780
159, 0.002861, 0.002734, 0.002792
160, 0.002864, 0.002737, 0.002800
161, 0.002858, 0.002726, 0.002777
162, 0.002860, 0.002722, 0.002775
163, 0.002861, 0.002729, 0.002784
164, 0.002858, 0.002728, 0.002779
165, 0.002867, 0.002716, 0.002768
166, 0.002860, 0.002726, 0.002776
167, 0.002860, 0.002726, 0.002787
168, 0.002855, 0.002720, 0.002777
169, 0.002855, 0.002715, 0.002762
170, 0.002857, 0.002724, 0.002784
171, 0.002855, 0.002727, 0.002779
172, 0.002860, 0.002722, 0.002782
173, 0.002859, 0.002725, 0.002771
174, 0.002854, 0.002713, 0.002766
175, 0.002856, 0.002728, 0.002790
176, 0.002857, 0.002729, 0.002779
177, 0.002853, 0.002717, 0.002764
178, 0.002853, 0.002723, 0.002777
179, 0.002853, 0.002722, 0.002773
180, 0.002852, 0.002717, 0.002771
181, 0.002850, 0.002720, 0.002772
182, 0.002856, 0.002721, 0.002774
183, 0.002856, 0.002714, 0.002760
184, 0.002854, 0.002722, 0.002780
185, 0.002854, 0.002715, 0.002768
186, 0.002852, 0.002727, 0.002775
187, 0.002855, 0.002715, 0.002757
188, 0.002852, 0.002719, 0.002778
189, 0.002854, 0.002710, 0.002759
190, 0.002850, 0.002717, 0.002773
191, 0.002849, 0.002716, 0.002767
192, 0.002850, 0.002713, 0.002762
193, 0.002848, 0.002718, 0.002767
194, 0.002851, 0.002717, 0.002770
195, 0.002845, 0.002709, 0.002766
196, 0.002848, 0.002723, 0.002782
197, 0.002846, 0.002713, 0.002762
198, 0.002848, 0.002713, 0.002763
199, 0.002849, 0.002715, 0.002775
200, 0.002852, 0.002714, 0.002759
201, 0.002852, 0.002719, 0.002767
202, 0.002852, 0.002722, 0.002786
203, 0.002844, 0.002716, 0.002767
204, 0.002845, 0.002717, 0.002772
205, 0.002843, 0.002715, 0.002764
206, 0.002847, 0.002715, 0.002766
207, 0.002842, 0.002707, 0.002751
208, 0.002841, 0.002710, 0.002762
209, 0.002839, 0.002719, 0.002773
210, 0.002845, 0.002714, 0.002757
211, 0.002845, 0.002715, 0.002775
212, 0.002840, 0.002712, 0.002763
213, 0.002846, 0.002711, 0.002766
214, 0.002842, 0.002717, 0.002758
215, 0.002843, 0.002718, 0.002771
216, 0.002840, 0.002712, 0.002758
217, 0.002839, 0.002712, 0.002766
218, 0.002842, 0.002717, 0.002773
219, 0.002845, 0.002713, 0.002752
220, 0.002842, 0.002716, 0.002772
221, 0.002836, 0.002710, 0.002765
222, 0.002839, 0.002709, 0.002765
223, 0.002838, 0.002716, 0.002766
224, 0.002841, 0.002706, 0.002748
225, 0.002839, 0.002707, 0.002764
226, 0.002832, 0.002706, 0.002754
227, 0.002838, 0.002716, 0.002763
228, 0.002850, 0.002713, 0.002764
229, 0.002838, 0.002707, 0.002766
230, 0.002836, 0.002717, 0.002774
231, 0.002841, 0.002710, 0.002751
232, 0.002836, 0.002701, 0.002751
233, 0.002834, 0.002713, 0.002768
234, 0.002835, 0.002705, 0.002754
235, 0.002832, 0.002707, 0.002755
236, 0.002834, 0.002708, 0.002757
237, 0.002835, 0.002713, 0.002763
238, 0.002835, 0.002709, 0.002763
239, 0.002832, 0.002707, 0.002759
240, 0.002838, 0.002717, 0.002779
241, 0.002837, 0.002716, 0.002751
242, 0.002831, 0.002708, 0.002762
243, 0.002832, 0.002713, 0.002766
244, 0.002835, 0.002700, 0.002748
245, 0.002834, 0.002710, 0.002760
246, 0.002841, 0.002717, 0.002781
247, 0.002840, 0.002710, 0.002744
248, 0.002833, 0.002723, 0.002783
249, 0.002833, 0.002702, 0.002755
250, 0.002833, 0.002707, 0.002757
251, 0.002829, 0.002712, 0.002761
252, 0.002830, 0.002702, 0.002751
253, 0.002829, 0.002710, 0.002763
254, 0.002830, 0.002706, 0.002752
255, 0.002833, 0.002701, 0.002751
256, 0.002832, 0.002713, 0.002756
257, 0.002830, 0.002706, 0.002757
258, 0.002833, 0.002705, 0.002765
259, 0.002829, 0.002706, 0.002750
260, 0.002834, 0.002703, 0.002748
261, 0.002828, 0.002704, 0.002756
262, 0.002828, 0.002702, 0.002743
263, 0.002829, 0.002713, 0.002767
264, 0.002828, 0.002702, 0.002757
265, 0.002826, 0.002697, 0.002746
266, 0.002823, 0.002702, 0.002749
267, 0.002829, 0.002700, 0.002754
268, 0.002831, 0.002711, 0.002747
269, 0.002827, 0.002705, 0.002762
270, 0.002826, 0.002696, 0.002740
271, 0.002824, 0.002699, 0.002753
272, 0.002820, 0.002706, 0.002750
273, 0.002821, 0.002699, 0.002749
274, 0.002826, 0.002710, 0.002763
275, 0.002821, 0.002690, 0.002729
276, 0.002829, 0.002716, 0.002767
277, 0.002822, 0.002700, 0.002752
278, 0.002821, 0.002701, 0.002744
279, 0.002818, 0.002698, 0.002748
280, 0.002826, 0.002700, 0.002750
281, 0.002817, 0.002687, 0.002727
282, 0.002820, 0.002700, 0.002757
283, 0.002817, 0.002691, 0.002737
284, 0.002817, 0.002685, 0.002730
285, 0.002825, 0.002691, 0.002733
286, 0.002814, 0.002703, 0.002752
287, 0.002816, 0.002701, 0.002747
288, 0.002815, 0.002695, 0.002744
289, 0.002815, 0.002698, 0.002746
290, 0.002817, 0.002691, 0.002738
291, 0.002814, 0.002692, 0.002739
292, 0.002816, 0.002698, 0.002754
293, 0.002813, 0.002699, 0.002748
294, 0.002812, 0.002686, 0.002726
295, 0.002810, 0.002691, 0.002745
296, 0.002812, 0.002686, 0.002735
297, 0.002808, 0.002688, 0.002737
298, 0.002807, 0.002687, 0.002741
299, 0.002808, 0.002690, 0.002743
300, 0.002807, 0.002688, 0.002737
301, 0.002803, 0.002672, 0.002718
302, 0.002798, 0.002674, 0.002720
303, 0.002800, 0.002682, 0.002733
304, 0.002799, 0.002675, 0.002722
305, 0.002810, 0.002686, 0.002726
306, 0.002805, 0.002670, 0.002725
307, 0.002801, 0.002682, 0.002721
308, 0.002803, 0.002691, 0.002756
309, 0.002797, 0.002679, 0.002715
310, 0.002801, 0.002677, 0.002720
311, 0.002794, 0.002686, 0.002744
312, 0.002798, 0.002672, 0.002712
313, 0.002789, 0.002675, 0.002734
314, 0.002788, 0.002658, 0.002701
315, 0.002786, 0.002661, 0.002714
316, 0.002788, 0.002656, 0.002704
317, 0.002777, 0.002664, 0.002702
318, 0.002781, 0.002660, 0.002709
319, 0.002780, 0.002656, 0.002697
320, 0.002773, 0.002651, 0.002700
321, 0.002768, 0.002649, 0.002688
322, 0.002768, 0.002651, 0.002698
323, 0.002762, 0.002633, 0.002681
324, 0.002758, 0.002640, 0.002687
325, 0.002754, 0.002632, 0.002683
326, 0.002749, 0.002629, 0.002667
327, 0.002746, 0.002623, 0.002671
328, 0.002736, 0.002615, 0.002662
329, 0.002732, 0.002619, 0.002665
330, 0.002727, 0.002608, 0.002652
331, 0.002726, 0.002602, 0.002641
332, 0.002718, 0.002597, 0.002647
333, 0.002710, 0.002594, 0.002636
334, 0.002706, 0.002584, 0.002627
335, 0.002700, 0.002573, 0.002627
336, 0.002690, 0.002576, 0.002616
337, 0.002685, 0.002562, 0.002602
338, 0.002683, 0.002558, 0.002600
339, 0.002669, 0.002539, 0.002576
340, 0.002648, 0.002536, 0.002585
341, 0.002647, 0.002529, 0.002567
342, 0.002637, 0.002530, 0.002582
343, 0.002626, 0.002505, 0.002529
344, 0.002616, 0.002482, 0.002517
345, 0.002596, 0.002460, 0.002504
346, 0.002575, 0.002461, 0.002499
347, 0.002565, 0.002442, 0.002483
348, 0.002545, 0.002430, 0.002466
349, 0.002540, 0.002406, 0.002441
350, 0.002520, 0.002386, 0.002417
351, 0.002496, 0.002365, 0.002408
352, 0.002474, 0.002345, 0.002381
353, 0.002460, 0.002358, 0.002384
354, 0.002458, 0.002357, 0.002382
355, 0.002437, 0.002288, 0.002319
356, 0.002405, 0.002299, 0.002325
357, 0.002385, 0.002239, 0.002271
358, 0.002362, 0.002227, 0.002251
359, 0.002332, 0.002210, 0.002247
360, 0.002316, 0.002183, 0.002205
361, 0.002300, 0.002179, 0.002206
362, 0.002282, 0.002154, 0.002188
363, 0.002251, 0.002121, 0.002138
364, 0.002229, 0.002106, 0.002127
365, 0.002217, 0.002077, 0.002104
366, 0.002184, 0.002057, 0.002074
367, 0.002163, 0.002038, 0.002059
368, 0.002144, 0.002025, 0.002045
369, 0.002119, 0.001973, 0.001985
370, 0.002097, 0.001983, 0.002009
371, 0.002065, 0.001936, 0.001952
372, 0.002048, 0.001910, 0.001920
373, 0.002026, 0.001905, 0.001930
374, 0.002000, 0.001882, 0.001893
375, 0.001989, 0.001845, 0.001858
376, 0.001953, 0.001821, 0.001827
377, 0.001934, 0.001794, 0.001807
378, 0.001912, 0.001787, 0.001795
379, 0.001892, 0.001782, 0.001800
380, 0.001875, 0.001755, 0.001768
381, 0.001856, 0.001719, 0.001730
382, 0.001828, 0.001688, 0.001693
383, 0.001799, 0.001673, 0.001693
384, 0.001776, 0.001651, 0.001659
385, 0.001758, 0.001623, 0.001634
386, 0.001738, 0.001615, 0.001620
387, 0.001718, 0.001590, 0.001600
388, 0.001694, 0.001572, 0.001585
389, 0.001675, 0.001542, 0.001546
390, 0.001652, 0.001528, 0.001537
391, 0.001635, 0.001508, 0.001514
392, 0.001610, 0.001496, 0.001508
393, 0.001599, 0.001469, 0.001479
394, 0.001575, 0.001444, 0.001447
395, 0.001560, 0.001438, 0.001455
396, 0.001538, 0.001395, 0.001393
397, 0.001517, 0.001391, 0.001399
398, 0.001498, 0.001383, 0.001393
399, 0.001482, 0.001360, 0.001363
400, 0.001467, 0.001341, 0.001358
401, 0.001445, 0.001326, 0.001330
402, 0.001426, 0.001297, 0.001307
403, 0.001409, 0.001281, 0.001288
404, 0.001391, 0.001276, 0.001289
405, 0.001372, 0.001245, 0.001249
406, 0.001351, 0.001232, 0.001244
407, 0.001331, 0.001211, 0.001222
408, 0.001313, 0.001194, 0.001203
409, 0.001298, 0.001186, 0.001199
410, 0.001282, 0.001163, 0.001170
411, 0.001266, 0.001159, 0.001171
412, 0.001252, 0.001135, 0.001145
413, 0.001229, 0.001121, 0.001131
414, 0.001214, 0.001101, 0.001116
415, 0.001201, 0.001082, 0.001096
416, 0.001188, 0.001066, 0.001080
417, 0.001166, 0.001060, 0.001078
418, 0.001156, 0.001034, 0.001047
419, 0.001139, 0.001029, 0.001051
420, 0.001128, 0.001001, 0.001016
421, 0.001115, 0.001002, 0.001023
422, 0.001098, 0.000975, 0.000993
423, 0.001081, 0.000969, 0.000986
424, 0.001067, 0.000961, 0.000982
425, 0.001059, 0.000939, 0.000957
426, 0.001043, 0.000933, 0.000956
427, 0.001033, 0.000927, 0.000950
428, 0.001020, 0.000908, 0.000926
429, 0.001008, 0.000890, 0.000909
430, 0.000995, 0.000877, 0.000899
431, 0.000982, 0.000878, 0.000902
432, 0.000973, 0.000861, 0.000882
433, 0.000961, 0.000860, 0.000886
434, 0.000953, 0.000840, 0.000863
435, 0.000951, 0.000851, 0.000875
436, 0.000944, 0.000846, 0.000875
437, 0.000936, 0.000826, 0.000854
438, 0.000918, 0.000802, 0.000829
439, 0.000907, 0.000793, 0.000817
440, 0.000897, 0.000796, 0.000820
441, 0.000888, 0.000789, 0.000814
442, 0.000877, 0.000771, 0.000799
443, 0.000866, 0.000761, 0.000788
444, 0.000864, 0.000749, 0.000779
445, 0.000857, 0.000743, 0.000768
446, 0.000849, 0.000746, 0.000775
447, 0.000844, 0.000747, 0.000776
448, 0.000839, 0.000729, 0.000753
449, 0.000826, 0.000723, 0.000751
450, 0.000824, 0.000721, 0.000748
451, 0.000821, 0.000708, 0.000738
452, 0.000810, 0.000696, 0.000723
453, 0.000804, 0.000688, 0.000715
454, 0.000798, 0.000691, 0.000719
455, 0.000791, 0.000686, 0.000712
456, 0.000782, 0.000664, 0.000690
457, 0.000778, 0.000686, 0.000717
458, 0.000769, 0.000654, 0.000682
459, 0.000763, 0.000664, 0.000690
460, 0.000762, 0.000652, 0.000680
461, 0.000753, 0.000650, 0.000679
462, 0.000744, 0.000648, 0.000677
463, 0.000741, 0.000640, 0.000670
464, 0.000736, 0.000636, 0.000666
465, 0.000735, 0.000627, 0.000655
466, 0.000732, 0.000634, 0.000663
467, 0.000727, 0.000613, 0.000641
468, 0.000722, 0.000623, 0.000654
469, 0.000716, 0.000613, 0.000646
470, 0.000713, 0.000611, 0.000638
471, 0.000709, 0.000598, 0.000628
472, 0.000702, 0.000590, 0.000619
473, 0.000698, 0.000598, 0.000627
474, 0.000696, 0.000588, 0.000618
475, 0.000692, 0.000593, 0.000623
476, 0.000689, 0.000581, 0.000610
477, 0.000684, 0.000581, 0.000610
478, 0.000678, 0.000579, 0.000609
479, 0.000673, 0.000564, 0.000593
480, 0.000666, 0.000567, 0.000598
481, 0.000666, 0.000566, 0.000597
482, 0.000663, 0.000552, 0.000581
483, 0.000659, 0.000564, 0.000596
484, 0.000655, 0.000546, 0.000572
485, 0.000653, 0.000561, 0.000592
486, 0.000648, 0.000535, 0.000562
487, 0.000643, 0.000542, 0.000573
488, 0.000638, 0.000536, 0.000565
489, 0.000635, 0.000542, 0.000571
490, 0.000634, 0.000523, 0.000550
491, 0.000631, 0.000533, 0.000561
492, 0.000627, 0.000520, 0.000548
493, 0.000626, 0.000520, 0.000550
494, 0.000624, 0.000523, 0.000554
495, 0.000620, 0.000521, 0.000547
496, 0.000618, 0.000519, 0.000548
497, 0.000613, 0.000502, 0.000531
498, 0.000613, 0.000505, 0.000533
499, 0.000607, 0.000497, 0.000524
500, 0.000599, 0.000501, 0.000531
501, 0.000599, 0.000489, 0.000516
502, 0.000597, 0.000490, 0.000518
503, 0.000594, 0.000493, 0.000522
504, 0.000586, 0.000480, 0.000508
505, 0.000584, 0.000480, 0.000508
506, 0.000582, 0.000467, 0.000493
507, 0.000578, 0.000487, 0.000516
508, 0.000577, 0.000472, 0.000497
509, 0.000571, 0.000471, 0.000501
510, 0.000570, 0.000470, 0.000496
511, 0.000568, 0.000475, 0.000501
512, 0.000566, 0.000471, 0.000497
513, 0.000560, 0.000449, 0.000474
514, 0.000560, 0.000470, 0.000496
515, 0.000559, 0.000455, 0.000479
516, 0.000552, 0.000447, 0.000474
517, 0.000545, 0.000437, 0.000462
518, 0.000544, 0.000443, 0.000467
519, 0.000546, 0.000437, 0.000462
520, 0.000541, 0.000428, 0.000451
521, 0.000534, 0.000437, 0.000464
522, 0.000538, 0.000434, 0.000460
523, 0.000532, 0.000426, 0.000450
524, 0.000526, 0.000422, 0.000448
525, 0.000523, 0.000429, 0.000453
526, 0.000523, 0.000421, 0.000447
527, 0.000522, 0.000415, 0.000438
528, 0.000519, 0.000428, 0.000452
529, 0.000521, 0.000410, 0.000432
530, 0.000515, 0.000406, 0.000429
531, 0.000506, 0.000399, 0.000424
532, 0.000504, 0.000400, 0.000422
533, 0.000503, 0.000401, 0.000424
534, 0.000505, 0.000400, 0.000423
535, 0.000497, 0.000390, 0.000411
536, 0.000495, 0.000401, 0.000425
537, 0.000493, 0.000384, 0.000406
538, 0.000488, 0.000387, 0.000410
539, 0.000484, 0.000378, 0.000400
540, 0.000480, 0.000377, 0.000399
541, 0.000479, 0.000366, 0.000388
542, 0.000477, 0.000382, 0.000404
543, 0.000477, 0.000368, 0.000391
544, 0.000470, 0.000367, 0.000389
545, 0.000468, 0.000361, 0.000383
546, 0.000467, 0.000362, 0.000383
547, 0.000470, 0.000368, 0.000392
548, 0.000465, 0.000351, 0.000370
549, 0.000464, 0.000356, 0.000379
550, 0.000459, 0.000356, 0.000375
551, 0.000455, 0.000350, 0.000370
552, 0.000453, 0.000352, 0.000371
553, 0.000451, 0.000357, 0.000375
554, 0.000451, 0.000338, 0.000358
555, 0.000451, 0.000356, 0.000377
556, 0.000448, 0.000345, 0.000364
557, 0.000446, 0.000334, 0.000354
558, 0.000445, 0.000352, 0.000371
559, 0.000440, 0.000330, 0.000349
560, 0.000438, 0.000334, 0.000354
561, 0.000432, 0.000332, 0.000351
562, 0.000433, 0.000331, 0.000350
563, 0.000434, 0.000338, 0.000358
564, 0.000429, 0.000317, 0.000334
565, 0.000427, 0.000324, 0.000344
566, 0.000427, 0.000325, 0.000342
567, 0.000423, 0.000328, 0.000345
568, 0.000420, 0.000310, 0.000328
569, 0.000421, 0.000320, 0.000339
570, 0.000422, 0.000336, 0.000352
571, 0.000424, 0.000320, 0.000339
572, 0.000416, 0.000304, 0.000323
573, 0.000413, 0.000318, 0.000336
574, 0.000413, 0.000303, 0.000320
575, 0.000407, 0.000312, 0.000331
576, 0.000403, 0.000293, 0.000311
577, 0.000402, 0.000304, 0.000322
578, 0.000401, 0.000293, 0.000309
579, 0.000404, 0.000291, 0.000309
580, 0.000400, 0.000291, 0.000307
581, 0.000397, 0.000306, 0.000321
582, 0.000396, 0.000287, 0.000306
583, 0.000394, 0.000290, 0.000307
584, 0.000391, 0.000283, 0.000299
585, 0.000391, 0.000291, 0.000309
586, 0.000390, 0.000285, 0.000298
587, 0.000388, 0.000281, 0.000296
588, 0.000385, 0.000281, 0.000295
589, 0.000384, 0.000293, 0.000309
590, 0.000382, 0.000276, 0.000291
591, 0.000381, 0.000283, 0.000300
592, 0.000380, 0.000269, 0.000284
593, 0.000375, 0.000273, 0.000286
594, 0.000375, 0.000272, 0.000287
595, 0.000372, 0.000267, 0.000282
596, 0.000370, 0.000259, 0.000276
597, 0.000373, 0.000270, 0.000284
598, 0.000373, 0.000261, 0.000276
599, 0.000369, 0.000261, 0.000276
600, 0.000366, 0.000262, 0.000277
601, 0.000365, 0.000262, 0.000277
602, 0.000364, 0.000261, 0.000274
603, 0.000366, 0.000265, 0.000280
604, 0.000364, 0.000252, 0.000267
605, 0.000367, 0.000263, 0.000277
606, 0.000365, 0.000264, 0.000276
607, 0.000372, 0.000255, 0.000270
608, 0.000369, 0.000269, 0.000284
609, 0.000367, 0.000259, 0.000276
610, 0.000361, 0.000245, 0.000262
611, 0.000356, 0.000259, 0.000275
612, 0.000350, 0.000245, 0.000260
613, 0.000350, 0.000249, 0.000264
614, 0.000351, 0.000239, 0.000253
615, 0.000347, 0.000248, 0.000261
616, 0.000346, 0.000234, 0.000249
617, 0.000348, 0.000253, 0.000267
618, 0.000344, 0.000235, 0.000249
619, 0.000347, 0.000237, 0.000251
620, 0.000344, 0.000253, 0.000268
621, 0.000343, 0.000233, 0.000248
622, 0.000344, 0.000252, 0.000265
623, 0.000340, 0.000233, 0.000247
624, 0.000336, 0.000239, 0.000250
625, 0.000338, 0.000231, 0.000243
626, 0.000338, 0.000232, 0.000247
627, 0.000336, 0.000230, 0.000244
628, 0.000334, 0.000225, 0.000239
629, 0.000332, 0.000232, 0.000245
630, 0.000331, 0.000229, 0.000244
631, 0.000330, 0.000223, 0.000236
632, 0.000327, 0.000217, 0.000232
633, 0.000327, 0.000228, 0.000241
634, 0.000324, 0.000219, 0.000231
635, 0.000326, 0.000231, 0.000242
636, 0.000326, 0.000223, 0.000236
637, 0.000325, 0.000219, 0.000232
638, 0.000324, 0.000230, 0.000243
639, 0.000323, 0.000221, 0.000234
640, 0.000321, 0.000219, 0.000232
641, 0.000323, 0.000216, 0.000228
642, 0.000319, 0.000219, 0.000230
643, 0.000319, 0.000226, 0.000237
644, 0.000318, 0.000210, 0.000224
645, 0.000321, 0.000242, 0.000257
646, 0.000324, 0.000215, 0.000228
647, 0.000323, 0.000224, 0.000239
648, 0.000320, 0.000222, 0.000233
649, 0.000315, 0.000215, 0.000228
650, 0.000316, 0.000230, 0.000242
651, 0.000317, 0.000206, 0.000221
652, 0.000314, 0.000213, 0.000226
653, 0.000308, 0.000212, 0.000224
654, 0.000309, 0.000206, 0.000220
655, 0.000308, 0.000209, 0.000220
656, 0.000311, 0.000231, 0.000241
657, 0.000312, 0.000204, 0.000217
658, 0.000316, 0.000245, 0.000255
659, 0.000317, 0.000202, 0.000215
660, 0.000311, 0.000210, 0.000224
661, 0.000308, 0.000209, 0.000219
662, 0.000307, 0.000202, 0.000215
663, 0.000308, 0.000211, 0.000222
664, 0.000305, 0.000205, 0.000218
665, 0.000305, 0.000209, 0.000220
666, 0.000304, 0.000207, 0.000219
667, 0.000301, 0.000204, 0.000217
668, 0.000301, 0.000206, 0.000219
669, 0.000299, 0.000197, 0.000210
670, 0.000299, 0.000207, 0.000216
671, 0.000298, 0.000195, 0.000208
672, 0.000301, 0.000213, 0.000226
673, 0.000298, 0.000192, 0.000204
674, 0.000297, 0.000208, 0.000217
675, 0.000296, 0.000192, 0.000205
676, 0.000295, 0.000196, 0.000209
677, 0.000294, 0.000193, 0.000204
678, 0.000293, 0.000194, 0.000204
679, 0.000293, 0.000198, 0.000210
680, 0.000292, 0.000193, 0.000205
681, 0.000291, 0.000196, 0.000207
682, 0.000292, 0.000186, 0.000201
683, 0.000293, 0.000199, 0.000211
684, 0.000295, 0.000185, 0.000198
685, 0.000296, 0.000207, 0.000216
686, 0.000296, 0.000185, 0.000198
687, 0.000294, 0.000195, 0.000208
688, 0.000289, 0.000194, 0.000206
689, 0.000288, 0.000188, 0.000200
690, 0.000286, 0.000196, 0.000208
691, 0.000286, 0.000183, 0.000197
692, 0.000286, 0.000200, 0.000210
693, 0.000287, 0.000185, 0.000196
694, 0.000284, 0.000182, 0.000195
695, 0.000285, 0.000199, 0.000210
696, 0.000283, 0.000188, 0.000198
697, 0.000283, 0.000192, 0.000205
698, 0.000282, 0.000194, 0.000206
699, 0.000281, 0.000183, 0.000195
700, 0.000283, 0.000199, 0.000210
701, 0.000283, 0.000181, 0.000194
702, 0.000281, 0.000188, 0.000200
703, 0.000279, 0.000192, 0.000203
704, 0.000280, 0.000192, 0.000204
705, 0.000281, 0.000178, 0.000190
706, 0.000282, 0.000177, 0.000189
707, 0.000280, 0.000187, 0.000197
708, 0.000278, 0.000182, 0.000193
709, 0.000278, 0.000185, 0.000196
710, 0.000276, 0.000174, 0.000187
711, 0.000276, 0.000194, 0.000203
712, 0.000274, 0.000179, 0.000192
713, 0.000275, 0.000190, 0.000201
714, 0.000276, 0.000179, 0.000191
715, 0.000277, 0.000185, 0.000197
716, 0.000275, 0.000175, 0.000186
717, 0.000274, 0.000190, 0.000201
718, 0.000278, 0.000176, 0.000188
719, 0.000278, 0.000200, 0.000211
720, 0.000275, 0.000175, 0.000187
721, 0.000275, 0.000190, 0.000200
722, 0.000274, 0.000170, 0.000183
723, 0.000277, 0.000203, 0.000214
724, 0.000274, 0.000171, 0.000184
725, 0.000271, 0.000188, 0.000198
726, 0.000272, 0.000174, 0.000188
727, 0.000274, 0.000177, 0.000189
728, 0.000274, 0.000195, 0.000205
729, 0.000271, 0.000173, 0.000187
730, 0.000276, 0.000189, 0.000200
731, 0.000272, 0.000182, 0.000191
732, 0.000269, 0.000173, 0.000185
733, 0.000267, 0.000176, 0.000187
734, 0.000269, 0.000178, 0.000189
735, 0.000267, 0.000179, 0.000192
736, 0.000266, 0.000167, 0.000180
737, 0.000266, 0.000191, 0.000202
738, 0.000269, 0.000168, 0.000182
739, 0.000269, 0.000182, 0.000195
740, 0.000267, 0.000183, 0.000193
741, 0.000266, 0.000171, 0.000183
742, 0.000267, 0.000179, 0.000190
743, 0.000267, 0.000179, 0.000189
744, 0.000266, 0.000175, 0.000187
745, 0.000263, 0.000174, 0.000185
746, 0.000261, 0.000175, 0.000187
747, 0.000263, 0.000179, 0.000188
748, 0.000262, 0.000172, 0.000185
749, 0.000265, 0.000174, 0.000185
750, 0.000261, 0.000176, 0.000188
751, 0.000262, 0.000168, 0.000181
752, 0.000263, 0.000180, 0.000190
753, 0.000263, 0.000172, 0.000183
754, 0.000262, 0.000164, 0.000176
755, 0.000259, 0.000178, 0.000189
756, 0.000257, 0.000171, 0.000183
757, 0.000258, 0.000168, 0.000180
758, 0.000261, 0.000169, 0.000180
759, 0.000258, 0.000166, 0.000180
760, 0.000260, 0.000165, 0.000178
761, 0.000261, 0.000180, 0.000189
762, 0.000257, 0.000160, 0.000171
763, 0.000258, 0.000175, 0.000186
764, 0.000255, 0.000165, 0.000178
765, 0.000255, 0.000165, 0.000176
766, 0.000256, 0.000173, 0.000184
767, 0.000258, 0.000164, 0.000176
768, 0.000260, 0.000185, 0.000195
769, 0.000258, 0.000160, 0.000174
770, 0.000262, 0.000178, 0.000189
771, 0.000258, 0.000163, 0.000177
772, 0.000255, 0.000167, 0.000178
773, 0.000257, 0.000163, 0.000175
774, 0.000254, 0.000164, 0.000177
775, 0.000253, 0.000165, 0.000177
776, 0.000253, 0.000166, 0.000177
777, 0.000252, 0.000169, 0.000182
778, 0.000253, 0.000168, 0.000178
779, 0.000252, 0.000172, 0.000182
780, 0.000255, 0.000161, 0.000174
781, 0.000254, 0.000167, 0.000181
782, 0.000252, 0.000166, 0.000179
783, 0.000253, 0.000163, 0.000174
784, 0.000252, 0.000164, 0.000178
785, 0.000252, 0.000167, 0.000178
786, 0.000251, 0.000167, 0.000179
787, 0.000249, 0.000160, 0.000172
788, 0.000250, 0.000165, 0.000178
789, 0.000248, 0.000162, 0.000172
790, 0.000249, 0.000162, 0.000173
791, 0.000250, 0.000166, 0.000177
792, 0.000249, 0.000164, 0.000175
793, 0.000249, 0.000162, 0.000174
794, 0.000248, 0.000169, 0.000181
795, 0.000248, 0.000158, 0.000170
796, 0.000247, 0.000163, 0.000175
797, 0.000246, 0.000161, 0.000172
798, 0.000248, 0.000160, 0.000171
799, 0.000247, 0.000173, 0.000183
800, 0.000246, 0.000156, 0.000166
801, 0.000250, 0.000174, 0.000186
802, 0.000247, 0.000159, 0.000170
803, 0.000249, 0.000176, 0.000187
804, 0.000249, 0.000157, 0.000171
805, 0.000252, 0.000166, 0.000174
806, 0.000251, 0.000156, 0.000168
807, 0.000248, 0.000160, 0.000172
808, 0.000248, 0.000166, 0.000177
809, 0.000244, 0.000155, 0.000166
810, 0.000244, 0.000163, 0.000174
811, 0.000244, 0.000159, 0.000170
812, 0.000241, 0.000158, 0.000170
813, 0.000241, 0.000152, 0.000164
814, 0.000241, 0.000163, 0.000175
815, 0.000243, 0.000163, 0.000173
816, 0.000242, 0.000156, 0.000166
817, 0.000239, 0.000155, 0.000165
818, 0.000241, 0.000162, 0.000175
819, 0.000241, 0.000156, 0.000168
820, 0.000239, 0.000166, 0.000174
821, 0.000239, 0.000152, 0.000164
822, 0.000237, 0.000170, 0.000179
823, 0.000240, 0.000150, 0.000161
824, 0.000240, 0.000161, 0.000171
825, 0.000237, 0.000157, 0.000168
826, 0.000238, 0.000161, 0.000171
827, 0.000240, 0.000157, 0.000168
828, 0.000239, 0.000147, 0.000160
829, 0.000238, 0.000165, 0.000175
830, 0.000240, 0.000152, 0.000164
831, 0.000236, 0.000152, 0.000164
832, 0.000233, 0.000155, 0.000166
833, 0.000233, 0.000147, 0.000158
834, 0.000234, 0.000156, 0.000168
835, 0.000235, 0.000147, 0.000158
836, 0.000234, 0.000161, 0.000169
837, 0.000236, 0.000157, 0.000171
838, 0.000237, 0.000160, 0.000171
839, 0.000239, 0.000154, 0.000165
840, 0.000235, 0.000153, 0.000165
841, 0.000233, 0.000152, 0.000161
842, 0.000233, 0.000144, 0.000155
843, 0.000231, 0.000156, 0.000165
844, 0.000230, 0.000155, 0.000166
845, 0.000230, 0.000146, 0.000156
846, 0.000230, 0.000143, 0.000155
847, 0.000230, 0.000155, 0.000167
848, 0.000229, 0.000146, 0.000156
849, 0.000230, 0.000152, 0.000164
850, 0.000229, 0.000152, 0.000163
851, 0.000230, 0.000143, 0.000154
852, 0.000233, 0.000154, 0.000166
853, 0.000229, 0.000153, 0.000164
854, 0.000228, 0.000151, 0.000161
855, 0.000230, 0.000149, 0.000160
856, 0.000229, 0.000146, 0.000158
857, 0.000233, 0.000145, 0.000156
858, 0.000227, 0.000151, 0.000159
859, 0.000228, 0.000148, 0.000160
860, 0.000228, 0.000149, 0.000159
861, 0.000229, 0.000152, 0.000162
862, 0.000226, 0.000151, 0.000160
863, 0.000227, 0.000147, 0.000159
864, 0.000227, 0.000150, 0.000160
865, 0.000228, 0.000142, 0.000153
866, 0.000224, 0.000145, 0.000157
867, 0.000225, 0.000152, 0.000161
868, 0.000226, 0.000141, 0.000153
869, 0.000223, 0.000142, 0.000152
870, 0.000226, 0.000168, 0.000178
871, 0.000228, 0.000143, 0.000155
872, 0.000225, 0.000159, 0.000168
873, 0.000227, 0.000144, 0.000154
874, 0.000225, 0.000143, 0.000155
875, 0.000222, 0.000143, 0.000155
876, 0.000223, 0.000137, 0.000148
877, 0.000220, 0.000152, 0.000163
878, 0.000219, 0.000142, 0.000151
879, 0.000218, 0.000139, 0.000149
880, 0.000218, 0.000138, 0.000149
881, 0.000222, 0.000152, 0.000160
882, 0.000222, 0.000143, 0.000152
883, 0.000222, 0.000136, 0.000146
884, 0.000218, 0.000144, 0.000154
885, 0.000215, 0.000137, 0.000147
886, 0.000214, 0.000147, 0.000157
887, 0.000217, 0.000133, 0.000143
888, 0.000215, 0.000136, 0.000147
889, 0.000215, 0.000144, 0.000153
890, 0.000215, 0.000136, 0.000145
891, 0.000214, 0.000141, 0.000151
892, 0.000216, 0.000139, 0.000148
893, 0.000215, 0.000130, 0.000139
894, 0.000213, 0.000152, 0.000161
895, 0.000215, 0.000134, 0.000144
896, 0.000218, 0.000139, 0.000148
897, 0.000212, 0.000137, 0.000146
898, 0.000211, 0.000133, 0.000143
899, 0.000211, 0.000139, 0.000150
900, 0.000214, 0.000130, 0.000139
901, 0.000211, 0.000144, 0.000153
902, 0.000207, 0.000133, 0.000142
903, 0.000208, 0.000136, 0.000145
904, 0.000209, 0.000134, 0.000142
905, 0.000211, 0.000140, 0.000149
906, 0.000209, 0.000131, 0.000140
907, 0.000206, 0.000129, 0.000138
908, 0.000204, 0.000133, 0.000143
909, 0.000204, 0.000137, 0.000144
910, 0.000205, 0.000129, 0.000137
911, 0.000206, 0.000129, 0.000139
912, 0.000204, 0.000133, 0.000141
913, 0.000206, 0.000124, 0.000133
914, 0.000202, 0.000135, 0.000142
915, 0.000203, 0.000133, 0.000140
916, 0.000201, 0.000128, 0.000137
917, 0.000201, 0.000127, 0.000135
918, 0.000201, 0.000137, 0.000144
919, 0.000202, 0.000124, 0.000132
920, 0.000199, 0.000129, 0.000137
921, 0.000201, 0.000129, 0.000137
922, 0.000201, 0.000125, 0.000133
923, 0.000200, 0.000127, 0.000136
924, 0.000200, 0.000125, 0.000134
925, 0.000201, 0.000120, 0.000128
926, 0.000200, 0.000130, 0.000138
927, 0.000199, 0.000128, 0.000137
928, 0.000198, 0.000132, 0.000139
929, 0.000197, 0.000123, 0.000131
930, 0.000200, 0.000130, 0.000137
931, 0.000196, 0.000121, 0.000129
932, 0.000196, 0.000127, 0.000136
933, 0.000195, 0.000120, 0.000128
934, 0.000197, 0.000126, 0.000133
935, 0.000194, 0.000121, 0.000129
936, 0.000193, 0.000121, 0.000128
937, 0.000190, 0.000120, 0.000126
938, 0.000192, 0.000120, 0.000128
939, 0.000189, 0.000115, 0.000123
940, 0.000192, 0.000150, 0.000154
941, 0.000195, 0.000116, 0.000123
942, 0.000192, 0.000122, 0.000129
943, 0.000190, 0.000121, 0.000127
944, 0.000193, 0.000131, 0.000139
945, 0.000192, 0.000117, 0.000127
946, 0.000196, 0.000133, 0.000140
947, 0.000194, 0.000120, 0.000125
948, 0.000193, 0.000127, 0.000136
949, 0.000192, 0.000128, 0.000134
950, 0.000189, 0.000123, 0.000129
951, 0.000185, 0.000111, 0.000119
952, 0.000182, 0.000123, 0.000129
953, 0.000183, 0.000112, 0.000118
954, 0.000182, 0.000111, 0.000118
955, 0.000182, 0.000110, 0.000117
956, 0.000182, 0.000114, 0.000121
957, 0.000183, 0.000133, 0.000138
958, 0.000185, 0.000113, 0.000120
959, 0.000183, 0.000109, 0.000116
960, 0.000181, 0.000112, 0.000117
961, 0.000180, 0.000109, 0.000116
962, 0.000179, 0.000119, 0.000124
963, 0.000179, 0.000105, 0.000112
964, 0.000176, 0.000111, 0.000116
965, 0.000176, 0.000106, 0.000113
966, 0.000178, 0.000114, 0.000118
967, 0.000180, 0.000106, 0.000112
968, 0.000178, 0.000113, 0.000117
969, 0.000179, 0.000111, 0.000116
970, 0.000177, 0.000106, 0.000113
971, 0.000179, 0.000126, 0.000131
972, 0.000180, 0.000110, 0.000115
973, 0.000176, 0.000112, 0.000116
974, 0.000176, 0.000104, 0.000111
975, 0.000179, 0.000110, 0.000116
976, 0.000179, 0.000121, 0.000125
977, 0.000174, 0.000099, 0.000105
978, 0.000171, 0.000106, 0.000110
979, 0.000169, 0.000106, 0.000112
980, 0.000170, 0.000103, 0.000107
981, 0.000170, 0.000111, 0.000117
982, 0.000170, 0.000100, 0.000106
983, 0.000169, 0.000111, 0.000116
984, 0.000169, 0.000098, 0.000104
985, 0.000168, 0.000115, 0.000118
986, 0.000168, 0.000099, 0.000105
987, 0.000167, 0.000102, 0.000106
988, 0.000165, 0.000096, 0.000101
989, 0.000167, 0.000104, 0.000108
990, 0.000171, 0.000096, 0.000103
991, 0.000165, 0.000099, 0.000104
992, 0.000163, 0.000101, 0.000105
993, 0.000162, 0.000098, 0.000102
994, 0.000159, 0.000094, 0.000098
995, 0.000162, 0.000102, 0.000107
996, 0.000164, 0.000098, 0.000101
997, 0.000168, 0.000106, 0.000110
998, 0.000167, 0.000102, 0.000107
999, 0.000165, 0.000092, 0.000096
1000, 0.000166, 0.000128, 0.000131
1001, 0.000165, 0.000089, 0.000095
1002, 0.000160, 0.000104, 0.000106
1003, 0.000160, 0.000090, 0.000094
1004, 0.000160, 0.000103, 0.000105
1005, 0.000160, 0.000089, 0.000093
1006, 0.000159, 0.000095, 0.000098
1007, 0.000157, 0.000089, 0.000093
1008, 0.000157, 0.000093, 0.000096
1009, 0.000156, 0.000092, 0.000096
1010, 0.000155, 0.000090, 0.000094
1011, 0.000154, 0.000098, 0.000100
1012, 0.000152, 0.000091, 0.000093
1013, 0.000153, 0.000086, 0.000090
1014, 0.000153, 0.000095, 0.000098
1015, 0.000153, 0.000094, 0.000097
1016, 0.000153, 0.000098, 0.000100
1017, 0.000153, 0.000094, 0.000096
1018, 0.000153, 0.000094, 0.000098
1019, 0.000150, 0.000083, 0.000086
1020, 0.000152, 0.000095, 0.000096
1021, 0.000150, 0.000086, 0.000089
1022, 0.000149, 0.000088, 0.000091
1023, 0.000148, 0.000095, 0.000097
1024, 0.000149, 0.000086, 0.000091
1025, 0.000150, 0.000088, 0.000090
1026, 0.000150, 0.000091, 0.000094
1027, 0.000150, 0.000085, 0.000089
1028, 0.000149, 0.000096, 0.000098
1029, 0.000148, 0.000091, 0.000093
1030, 0.000148, 0.000084, 0.000088
1031, 0.000148, 0.000096, 0.000100
1032, 0.000147, 0.000081, 0.000083
1033, 0.000145, 0.000087, 0.000090
1034, 0.000144, 0.000089, 0.000091
1035, 0.000145, 0.000085, 0.000088
1036, 0.000143, 0.000083, 0.000085
1037, 0.000141, 0.000085, 0.000087
1038, 0.000143, 0.000079, 0.000081
1039, 0.000142, 0.000082, 0.000085
1040, 0.000140, 0.000087, 0.000089
1041, 0.000140, 0.000076, 0.000079
1042, 0.000141, 0.000095, 0.000097
1043, 0.000142, 0.000078, 0.000080
1044, 0.000142, 0.000097, 0.000095
1045, 0.000144, 0.000081, 0.000084
1046, 0.000142, 0.000079, 0.000081
1047, 0.000143, 0.000092, 0.000090
1048, 0.000142, 0.000081, 0.000083
1049, 0.000141, 0.000078, 0.000081
1050, 0.000138, 0.000077, 0.000079
1051, 0.000139, 0.000083, 0.000084
1052, 0.000138, 0.000083, 0.000084
1053, 0.000136, 0.000085, 0.000085
1054, 0.000137, 0.000075, 0.000076
1055, 0.000138, 0.000082, 0.000084
1056, 0.000138, 0.000076, 0.000079
1057, 0.000135, 0.000078, 0.000079
1058, 0.000137, 0.000079, 0.000081
1059, 0.000136, 0.000077, 0.000079
1060, 0.000136, 0.000073, 0.000076
1061, 0.000134, 0.000076, 0.000078
1062, 0.000134, 0.000079, 0.000080
1063, 0.000136, 0.000082, 0.000083
1064, 0.000135, 0.000088, 0.000087
1065, 0.000135, 0.000077, 0.000079
1066, 0.000133, 0.000080, 0.000080
1067, 0.000133, 0.000073, 0.000074
1068, 0.000136, 0.000079, 0.000081
1069, 0.000134, 0.000075, 0.000077
1070, 0.000135, 0.000073, 0.000074
1071, 0.000132, 0.000085, 0.000087
1072, 0.000131, 0.000069, 0.000072
1073, 0.000135, 0.000075, 0.000077
1074, 0.000132, 0.000073, 0.000073
1075, 0.000133, 0.000102, 0.000103
1076, 0.000135, 0.000077, 0.000077
1077, 0.000132, 0.000077, 0.000079
1078, 0.000133, 0.000075, 0.000076
1079, 0.000131, 0.000075, 0.000076
1080, 0.000129, 0.000069, 0.000071
1081, 0.000128, 0.000073, 0.000073
1082, 0.000128, 0.000076, 0.000078
1083, 0.000128, 0.000075, 0.000075
1084, 0.000128, 0.000076, 0.000077
1085, 0.000128, 0.000067, 0.000068
1086, 0.000127, 0.000073, 0.000074
1087, 0.000125, 0.000068, 0.000071
1088, 0.000124, 0.000067, 0.000068
1089, 0.000124, 0.000073, 0.000072
1090, 0.000124, 0.000068, 0.000069
1091, 0.000125, 0.000070, 0.000070
1092, 0.000122, 0.000067, 0.000067
1093, 0.000125, 0.000083, 0.000084
1094, 0.000127, 0.000070, 0.000072
1095, 0.000125, 0.000081, 0.000080
1096, 0.000131, 0.000071, 0.000073
1097, 0.000126, 0.000076, 0.000076
1098, 0.000124, 0.000073, 0.000074
1099, 0.000124, 0.000067, 0.000067
1100, 0.000123, 0.000074, 0.000074
1101, 0.000124, 0.000063, 0.000064
1102, 0.000126, 0.000076, 0.000075
1103, 0.000125, 0.000073, 0.000072
1104, 0.000123, 0.000071, 0.000072
1105, 0.000122, 0.000068, 0.000068
1106, 0.000124, 0.000071, 0.000072
1107, 0.000122, 0.000075, 0.000075
1108, 0.000122, 0.000070, 0.000071
1109, 0.000122, 0.000074, 0.000074
1110, 0.000121, 0.000069, 0.000069
1111, 0.000121, 0.000067, 0.000067
1112, 0.000119, 0.000067, 0.000068
1113, 0.000119, 0.000070, 0.000069
1114, 0.000120, 0.000078, 0.000078
1115, 0.000122, 0.000064, 0.000065
1116, 0.000124, 0.000068, 0.000068
1117, 0.000120, 0.000074, 0.000075
1118, 0.000120, 0.000068, 0.000069
1119, 0.000121, 0.000070, 0.000070
1120, 0.000120, 0.000070, 0.000072
1121, 0.000122, 0.000072, 0.000073
1122, 0.000119, 0.000068, 0.000068
1123, 0.000119, 0.000065, 0.000067
1124, 0.000119, 0.000069, 0.000069
1125, 0.000118, 0.000071, 0.000071
1126, 0.000118, 0.000067, 0.000067
1127, 0.000120, 0.000067, 0.000069
1128, 0.000122, 0.000076, 0.000077
1129, 0.000121, 0.000070, 0.000070
1130, 0.000119, 0.000066, 0.000066
1131, 0.000118, 0.000063, 0.000064
1132, 0.000116, 0.000073, 0.000072
1133, 0.000118, 0.000061, 0.000062
1134, 0.000117, 0.000069, 0.000069
1135, 0.000115, 0.000062, 0.000062
1136, 0.000117, 0.000081, 0.000081
1137, 0.000119, 0.000057, 0.000058
1138, 0.000119, 0.000074, 0.000073
1139, 0.000115, 0.000067, 0.000066
1140, 0.000117, 0.000076, 0.000075
1141, 0.000116, 0.000064, 0.000063
1142, 0.000115, 0.000066, 0.000066
1143, 0.000112, 0.000063, 0.000063
1144, 0.000113, 0.000072, 0.000071
1145, 0.000116, 0.000063, 0.000062
1146, 0.000111, 0.000067, 0.000068
1147, 0.000115, 0.000061, 0.000061
1148, 0.000113, 0.000071, 0.000069
1149, 0.000118, 0.000070, 0.000070
1150, 0.000114, 0.000068, 0.000068
1151, 0.000118, 0.000076, 0.000075
1152, 0.000118, 0.000081, 0.000082
1153, 0.000120, 0.000069, 0.000073
1154, 0.000122, 0.000068, 0.000068
1155, 0.000120, 0.000060, 0.000061
1156, 0.000123, 0.000078, 0.000078
1157, 0.000119, 0.000076, 0.000076
1158, 0.000118, 0.000082, 0.000078
1159, 0.000115, 0.000062, 0.000063
1160, 0.000113, 0.000073, 0.000072
1161, 0.000114, 0.000062, 0.000062
1162, 0.000113, 0.000072, 0.000071
1163, 0.000113, 0.000065, 0.000065
1164, 0.000112, 0.000072, 0.000072
1165, 0.000114, 0.000063, 0.000063
1166, 0.000117, 0.000078, 0.000074
1167, 0.000118, 0.000064, 0.000064
1168, 0.000117, 0.000071, 0.000071
1169, 0.000117, 0.000071, 0.000071
1170, 0.000114, 0.000066, 0.000066
1171, 0.000114, 0.000063, 0.000064
1172, 0.000110, 0.000061, 0.000062
1173, 0.000111, 0.000061, 0.000060
1174, 0.000108, 0.000062, 0.000062
1175, 0.000108, 0.000058, 0.000059
1176, 0.000111, 0.000071, 0.000069
1177, 0.000112, 0.000062, 0.000062
1178, 0.000116, 0.000071, 0.000071
1179, 0.000115, 0.000060, 0.000060
1180, 0.000113, 0.000067, 0.000067
1181, 0.000113, 0.000069, 0.000070
1182, 0.000112, 0.000063, 0.000064
1183, 0.000110, 0.000066, 0.000065
1184, 0.000109, 0.000059, 0.000059
1185, 0.000109, 0.000071, 0.000070
1186, 0.000108, 0.000061, 0.000061
1187, 0.000107, 0.000063, 0.000062
1188, 0.000107, 0.000060, 0.000061
1189, 0.000108, 0.000061, 0.000062
1190, 0.000108, 0.000059, 0.000059
1191, 0.000108, 0.000065, 0.000064
1192, 0.000107, 0.000061, 0.000060
1193, 0.000107, 0.000058, 0.000059
1194, 0.000106, 0.000063, 0.000062
1195, 0.000104, 0.000060, 0.000060
1196, 0.000109, 0.000068, 0.000069
1197, 0.000106, 0.000064, 0.000063
1198, 0.000108, 0.000061, 0.000061
1199, 0.000106, 0.000061, 0.000061
1200, 0.000106, 0.000060, 0.000061
1201, 0.000106, 0.000060, 0.000060
1202, 0.000108, 0.000078, 0.000077
1203, 0.000108, 0.000061, 0.000060
1204, 0.000109, 0.000060, 0.000060
1205, 0.000107, 0.000065, 0.000064
1206, 0.000105, 0.000067, 0.000067
1207, 0.000107, 0.000058, 0.000057
1208, 0.000106, 0.000068, 0.000068
1209, 0.000105, 0.000059, 0.000059
1210, 0.000106, 0.000065, 0.000064
1211, 0.000105, 0.000063, 0.000063
1212, 0.000104, 0.000058, 0.000059
1213, 0.000106, 0.000060, 0.000060
1214, 0.000103, 0.000061, 0.000060
1215, 0.000105, 0.000057, 0.000057
1216, 0.000106, 0.000079, 0.000078
1217, 0.000114, 0.000059, 0.000059
1218, 0.000118, 0.000068, 0.000068
1219, 0.000112, 0.000072, 0.000071
1220, 0.000111, 0.000063, 0.000062
1221, 0.000107, 0.000061, 0.000062
1222, 0.000105, 0.000069, 0.000070
1223, 0.000107, 0.000064, 0.000066
1224, 0.000108, 0.000070, 0.000070
1225, 0.000105, 0.000064, 0.000064
1226, 0.000105, 0.000066, 0.000068
1227, 0.000105, 0.000072, 0.000070
1228, 0.000104, 0.000057, 0.000058
1229, 0.000102, 0.000059, 0.000059
1230, 0.000101, 0.000062, 0.000062
1231, 0.000102, 0.000062, 0.000062
1232, 0.000103, 0.000057, 0.000057
1233, 0.000105, 0.000072, 0.000071
1234, 0.000103, 0.000061, 0.000061
1235, 0.000102, 0.000061, 0.000060
1236, 0.000101, 0.000057, 0.000057
1237, 0.000104, 0.000062, 0.000062
1238, 0.000104, 0.000070, 0.000069
1239, 0.000104, 0.000062, 0.000061
1240, 0.000103, 0.000064, 0.000063
1241, 0.000103, 0.000073, 0.000074
1242, 0.000105, 0.000065, 0.000064
1243, 0.000105, 0.000065, 0.000064
1244, 0.000107, 0.000069, 0.000069
1245, 0.000104, 0.000060, 0.000060
1246, 0.000102, 0.000063, 0.000064
1247, 0.000101, 0.000062, 0.000062
1248, 0.000099, 0.000056, 0.000056
1249, 0.000098, 0.000059, 0.000059
1250, 0.000099, 0.000058, 0.000059
1251, 0.000099, 0.000061, 0.000061
1252, 0.000099, 0.000062, 0.000063
1253, 0.000100, 0.000064, 0.000063
1254, 0.000100, 0.000062, 0.000061
1255, 0.000101, 0.000058, 0.000059
1256, 0.000100, 0.000062, 0.000062
1257, 0.000100, 0.000061, 0.000060
1258, 0.000098, 0.000061, 0.000062
1259, 0.000099, 0.000062, 0.000061
1260, 0.000098, 0.000061, 0.000061
1261, 0.000096, 0.000063, 0.000063
1262, 0.000098, 0.000060, 0.000060
1263, 0.000097, 0.000061, 0.000059
1264, 0.000101, 0.000058, 0.000057
1265, 0.000102, 0.000069, 0.000070
1266, 0.000099, 0.000063, 0.000062
1267, 0.000098, 0.000064, 0.000064
1268, 0.000100, 0.000059, 0.000059
1269, 0.000100, 0.000055, 0.000055
1270, 0.000097, 0.000067, 0.000067
1271, 0.000098, 0.000059, 0.000060
1272, 0.000098, 0.000068, 0.000067
1273, 0.000097, 0.000058, 0.000058
1274, 0.000097, 0.000061, 0.000062
1275, 0.000099, 0.000064, 0.000063
1276, 0.000099, 0.000065, 0.000065
1277, 0.000099, 0.000061, 0.000063
1278, 0.000100, 0.000065, 0.000064
1279, 0.000100, 0.000061, 0.000061
1280, 0.000098, 0.000066, 0.000066
1281, 0.000098, 0.000061, 0.000061
1282, 0.000098, 0.000058, 0.000059
1283, 0.000095, 0.000072, 0.000070
1284, 0.000099, 0.000058, 0.000059
1285, 0.000101, 0.000066, 0.000067
1286, 0.000102, 0.000076, 0.000074
1287, 0.000103, 0.000058, 0.000058
1288, 0.000101, 0.000064, 0.000064
1289, 0.000099, 0.000061, 0.000060
1290, 0.000097, 0.000061, 0.000061
1291, 0.000097, 0.000060, 0.000060
1292, 0.000099, 0.000068, 0.000066
1293, 0.000097, 0.000061, 0.000061
1294, 0.000096, 0.000061, 0.000062
1295, 0.000097, 0.000060, 0.000059
1296, 0.000097, 0.000070, 0.000070
1297, 0.000100, 0.000060, 0.000060
1298, 0.000097, 0.000056, 0.000058
1299, 0.000095, 0.000061, 0.000061
1300, 0.000096, 0.000056, 0.000057
1301, 0.000095, 0.000065, 0.000066
1302, 0.000094, 0.000058, 0.000058
1303, 0.000093, 0.000061, 0.000062
1304, 0.000094, 0.000058, 0.000058
1305, 0.000096, 0.000059, 0.000060
1306, 0.000095, 0.000076, 0.000076
1307, 0.000099, 0.000063, 0.000062
1308, 0.000098, 0.000071, 0.000070
1309, 0.000102, 0.000058, 0.000058
1310, 0.000103, 0.000066, 0.000066
1311, 0.000104, 0.000061, 0.000061
1312, 0.000101, 0.000060, 0.000061
1313, 0.000102, 0.000074, 0.000072
1314, 0.000101, 0.000060, 0.000061
1315, 0.000099, 0.000083, 0.000084
1316, 0.000099, 0.000063, 0.000063
1317, 0.000099, 0.000066, 0.000064
1318, 0.000096, 0.000059, 0.000058
1319, 0.000093, 0.000059, 0.000059
1320, 0.000093, 0.000058, 0.000058
1321, 0.000092, 0.000058, 0.000058
1322, 0.000091, 0.000063, 0.000063
1323, 0.000091, 0.000055, 0.000056
1324, 0.000093, 0.000066, 0.000065
1325, 0.000094, 0.000058, 0.000058
1326, 0.000093, 0.000060, 0.000059
1327, 0.000092, 0.000066, 0.000064
1328, 0.000092, 0.000060, 0.000059
1329, 0.000092, 0.000060, 0.000059
1330, 0.000090, 0.000060, 0.000060
1331, 0.000091, 0.000061, 0.000061
1332, 0.000092, 0.000054, 0.000054
1333, 0.000091, 0.000058, 0.000058
1334, 0.000089, 0.000061, 0.000060
1335, 0.000089, 0.000057, 0.000057
1336, 0.000092, 0.000060, 0.000061
1337, 0.000092, 0.000061, 0.000061
1338, 0.000092, 0.000063, 0.000063
1339, 0.000090, 0.000061, 0.000060
1340, 0.000093, 0.000064, 0.000064
1341, 0.000091, 0.000062, 0.000062
1342, 0.000093, 0.000059, 0.000058
1343, 0.000092, 0.000059, 0.000059
1344, 0.000094, 0.000058, 0.000058
1345, 0.000091, 0.000064, 0.000064
1346, 0.000091, 0.000059, 0.000060
1347, 0.000092, 0.000058, 0.000058
1348, 0.000093, 0.000061, 0.000062
1349, 0.000090, 0.000056, 0.000056
1350, 0.000089, 0.000062, 0.000061
1351, 0.000089, 0.000057, 0.000058
1352, 0.000089, 0.000061, 0.000063
1353, 0.000091, 0.000057, 0.000057
1354, 0.000091, 0.000056, 0.000056
1355, 0.000092, 0.000072, 0.000072
1356, 0.000094, 0.000061, 0.000062
1357, 0.000092, 0.000063, 0.000062
1358, 0.000089, 0.000060, 0.000061
1359, 0.000090, 0.000061, 0.000060
1360, 0.000091, 0.000062, 0.000063
1361, 0.000089, 0.000059, 0.000059
1362, 0.000089, 0.000061, 0.000061
1363, 0.000090, 0.000059, 0.000059
1364, 0.000091, 0.000061, 0.000063
1365, 0.000092, 0.000066, 0.000064
1366, 0.000091, 0.000059, 0.000060
1367, 0.000090, 0.000061, 0.000060
1368, 0.000090, 0.000062, 0.000063
1369, 0.000090, 0.000060, 0.000060
1370, 0.000089, 0.000061, 0.000062
1371, 0.000087, 0.000057, 0.000058
1372, 0.000089, 0.000059, 0.000060
1373, 0.000088, 0.000057, 0.000058
1374, 0.000090, 0.000067, 0.000066
1375, 0.000094, 0.000067, 0.000065
1376, 0.000092, 0.000058, 0.000060
1377, 0.000095, 0.000065, 0.000066
1378, 0.000090, 0.000058, 0.000057
1379, 0.000088, 0.000058, 0.000059
1380, 0.000087, 0.000059, 0.000059
1381, 0.000086, 0.000055, 0.000055
1382, 0.000087, 0.000066, 0.000066
1383, 0.000087, 0.000057, 0.000058
1384, 0.000086, 0.000058, 0.000057
1385, 0.000087, 0.000063, 0.000063
1386, 0.000086, 0.000059, 0.000059
1387, 0.000085, 0.000057, 0.000056
1388, 0.000087, 0.000062, 0.000062
1389, 0.000088, 0.000056, 0.000056
1390, 0.000085, 0.000066, 0.000066
1391, 0.000085, 0.000054, 0.000055
1392, 0.000085, 0.000060, 0.000060
1393, 0.000085, 0.000053, 0.000054
1394, 0.000086, 0.000065, 0.000066
1395, 0.000088, 0.000065, 0.000064
1396, 0.000087, 0.000060, 0.000061
1397, 0.000086, 0.000059, 0.000059
1398, 0.000086, 0.000062, 0.000063
1399, 0.000086, 0.000060, 0.000060
1400, 0.000086, 0.000067, 0.000065
1401, 0.000087, 0.000060, 0.000061
1402, 0.000089, 0.000076, 0.000075
1403, 0.000089, 0.000063, 0.000063
1404, 0.000086, 0.000056, 0.000056
1405, 0.000087, 0.000069, 0.000070
1406, 0.000087, 0.000055, 0.000056
1407, 0.000090, 0.000091, 0.000090
1408, 0.000095, 0.000062, 0.000062
1409, 0.000092, 0.000067, 0.000068
1410, 0.000090, 0.000058, 0.000058
1411, 0.000090, 0.000064, 0.000064
1412, 0.000088, 0.000062, 0.000062
1413, 0.000089, 0.000059, 0.000060
1414, 0.000090, 0.000083, 0.000084
1415, 0.000094, 0.000068, 0.000071
1416, 0.000090, 0.000069, 0.000069
1417, 0.000086, 0.000056, 0.000055
1418, 0.000086, 0.000063, 0.000063
1419, 0.000084, 0.000055, 0.000056
1420, 0.000086, 0.000059, 0.000059
1421, 0.000088, 0.000068, 0.000065
1422, 0.000089, 0.000062, 0.000062
1423, 0.000092, 0.000066, 0.000066
1424, 0.000091, 0.000069, 0.000070
1425, 0.000090, 0.000064, 0.000065
1426, 0.000087, 0.000062, 0.000062
1427, 0.000083, 0.000056, 0.000057
1428, 0.000083, 0.000057, 0.000058
1429, 0.000084, 0.000060, 0.000061
1430, 0.000083, 0.000057, 0.000057
1431, 0.000086, 0.000068, 0.000068
1432, 0.000089, 0.000060, 0.000062
1433, 0.000091, 0.000066, 0.000067
1434, 0.000086, 0.000060, 0.000061
1435, 0.000086, 0.000061, 0.000061
1436, 0.000086, 0.000061, 0.000061
1437, 0.000085, 0.000058, 0.000058
1438, 0.000083, 0.000057, 0.000057
1439, 0.000084, 0.000057, 0.000055
1440, 0.000086, 0.000059, 0.000059
1441, 0.000084, 0.000064, 0.000064
1442, 0.000083, 0.000056, 0.000055
1443, 0.000080, 0.000061, 0.000060
1444, 0.000082, 0.000057, 0.000057
1445, 0.000081, 0.000058, 0.000058
1446, 0.000082, 0.000056, 0.000056
1447, 0.000083, 0.000065, 0.000067
1448, 0.000082, 0.000059, 0.000059
1449, 0.000085, 0.000079, 0.000078
1450, 0.000090, 0.000056, 0.000057
1451, 0.000087, 0.000065, 0.000064
1452, 0.000088, 0.000057, 0.000058
1453, 0.000090, 0.000061, 0.000064
1454, 0.000086, 0.000059, 0.000060
1455, 0.000083, 0.000064, 0.000064
1456, 0.000083, 0.000058, 0.000057
1457, 0.000080, 0.000059, 0.000059
1458, 0.000082, 0.000057, 0.000058
1459, 0.000082, 0.000059, 0.000058
1460, 0.000080, 0.000055, 0.000056
1461, 0.000080, 0.000060, 0.000059
1462, 0.000080, 0.000054, 0.000055
1463, 0.000079, 0.000059, 0.000057
1464, 0.000079, 0.000062, 0.000063
1465, 0.000081, 0.000058, 0.000057
1466, 0.000079, 0.000055, 0.000055
1467, 0.000079, 0.000059, 0.000060
1468, 0.000081, 0.000062, 0.000063
1469, 0.000086, 0.000060, 0.000059
1470, 0.000083, 0.000058, 0.000058
1471, 0.000080, 0.000055, 0.000055
1472, 0.000080, 0.000066, 0.000065
1473, 0.000081, 0.000059, 0.000059
1474, 0.000078, 0.000056, 0.000056
1475, 0.000079, 0.000058, 0.000059
1476, 0.000079, 0.000057, 0.000057
1477, 0.000079, 0.000065, 0.000064
1478, 0.000079, 0.000058, 0.000058
1479, 0.000080, 0.000060, 0.000061
1480, 0.000081, 0.000054, 0.000055
1481, 0.000081, 0.000064, 0.000062
1482, 0.000081, 0.000055, 0.000056
1483, 0.000079, 0.000056, 0.000056
1484, 0.000078, 0.000059, 0.000058
1485, 0.000078, 0.000061, 0.000061
1486, 0.000080, 0.000056, 0.000057
1487, 0.000079, 0.000060, 0.000060
1488, 0.000078, 0.000059, 0.000058
1489, 0.000077, 0.000054, 0.000054
1490, 0.000076, 0.000063, 0.000062
1491, 0.000077, 0.000056, 0.000056
1492, 0.000079, 0.000058, 0.000058
1493, 0.000078, 0.000063, 0.000063
1494, 0.000080, 0.000062, 0.000062
1495, 0.000082, 0.000073, 0.000075
1496, 0.000081, 0.000061, 0.000061
1497, 0.000078, 0.000056, 0.000056
1498, 0.000079, 0.000064, 0.000064
1499, 0.000078, 0.000055, 0.000054
1500, 0.000079, 0.000065, 0.000067
1501, 0.000083, 0.000063, 0.000063
1502, 0.000079, 0.000060, 0.000061
1503, 0.000083, 0.000059, 0.000059
1504, 0.000079, 0.000055, 0.000055
1505, 0.000078, 0.000061, 0.000061
1506, 0.000079, 0.000057, 0.000057
1507, 0.000079, 0.000063, 0.000061
1508, 0.000078, 0.000058, 0.000059
1509, 0.000081, 0.000061, 0.000061
1510, 0.000078, 0.000061, 0.000061
1511, 0.000077, 0.000060, 0.000059
1512, 0.000077, 0.000056, 0.000057
1513, 0.000077, 0.000060, 0.000060
1514, 0.000077, 0.000059, 0.000059
1515, 0.000079, 0.000060, 0.000059
1516, 0.000077, 0.000063, 0.000065
1517, 0.000077, 0.000053, 0.000053
1518, 0.000078, 0.000060, 0.000060
1519, 0.000077, 0.000062, 0.000063
1520, 0.000078, 0.000068, 0.000069
1521, 0.000079, 0.000062, 0.000061
1522, 0.000076, 0.000055, 0.000053
1523, 0.000075, 0.000062, 0.000063
1524, 0.000077, 0.000057, 0.000057
1525, 0.000080, 0.000056, 0.000057
1526, 0.000076, 0.000061, 0.000061
1527, 0.000076, 0.000059, 0.000060
1528, 0.000078, 0.000059, 0.000058
1529, 0.000078, 0.000063, 0.000062
1530, 0.000077, 0.000058, 0.000058
1531, 0.000076, 0.000067, 0.000066
1532, 0.000078, 0.000058, 0.000058
1533, 0.000075, 0.000061, 0.000060
1534, 0.000075, 0.000056, 0.000055
1535, 0.000075, 0.000058, 0.000059
1536, 0.000077, 0.000057, 0.000057
1537, 0.000076, 0.000062, 0.000063
1538, 0.000076, 0.000058, 0.000058
1539, 0.000075, 0.000061, 0.000059
1540, 0.000075, 0.000060, 0.000061
1541, 0.000075, 0.000061, 0.000059
1542, 0.000074, 0.000054, 0.000055
1543, 0.000075, 0.000055, 0.000055
1544, 0.000076, 0.000061, 0.000061
1545, 0.000078, 0.000072, 0.000073
1546, 0.000080, 0.000059, 0.000058
1547, 0.000075, 0.000060, 0.000059
1548, 0.000077, 0.000068, 0.000066
1549, 0.000078, 0.000052, 0.000053
1550, 0.000073, 0.000058, 0.000057
1551, 0.000074, 0.000055, 0.000056
1552, 0.000073, 0.000060, 0.000059
1553, 0.000074, 0.000058, 0.000057
1554, 0.000074, 0.000055, 0.000055
1555, 0.000074, 0.000056, 0.000057
1556, 0.000075, 0.000067, 0.000066
1557, 0.000077, 0.000061, 0.000063
1558, 0.000080, 0.000059, 0.000059
1559, 0.000080, 0.000075, 0.000076
1560, 0.000081, 0.000060, 0.000062
1561, 0.000079, 0.000078, 0.000075
1562, 0.000080, 0.000060, 0.000058
1563, 0.000076, 0.000066, 0.000066
1564, 0.000075, 0.000061, 0.000061
1565, 0.000073, 0.000059, 0.000058
1566, 0.000075, 0.000074, 0.000072
1567, 0.000075, 0.000056, 0.000055
1568, 0.000075, 0.000064, 0.000064
1569, 0.000074, 0.000057, 0.000056
1570, 0.000073, 0.000059, 0.000060
1571, 0.000073, 0.000059, 0.000058
1572, 0.000071, 0.000054, 0.000055
1573, 0.000072, 0.000062, 0.000062
1574, 0.000070, 0.000056, 0.000057
1575, 0.000072, 0.000062, 0.000061
1576, 0.000073, 0.000058, 0.000059
1577, 0.000076, 0.000063, 0.000062
1578, 0.000075, 0.000060, 0.000059
1579, 0.000073, 0.000065, 0.000064
1580, 0.000077, 0.000063, 0.000063
1581, 0.000075, 0.000062, 0.000064
1582, 0.000079, 0.000064, 0.000064
1583, 0.000072, 0.000057, 0.000058
1584, 0.000072, 0.000065, 0.000064
1585, 0.000071, 0.000055, 0.000055
1586, 0.000072, 0.000059, 0.000059
1587, 0.000073, 0.000062, 0.000061
1588, 0.000072, 0.000056, 0.000057
1589, 0.000071, 0.000063, 0.000062
1590, 0.000071, 0.000056, 0.000055
1591, 0.000072, 0.000060, 0.000062
1592, 0.000073, 0.000059, 0.000058
1593, 0.000071, 0.000061, 0.000060
1594, 0.000072, 0.000059, 0.000058
1595, 0.000072, 0.000057, 0.000057
1596, 0.000071, 0.000057, 0.000057
1597, 0.000071, 0.000058, 0.000058
1598, 0.000071, 0.000056, 0.000056
1599, 0.000071, 0.000056, 0.000056
1600, 0.000070, 0.000060, 0.000060
1601, 0.000070, 0.000056, 0.000058
1602, 0.000074, 0.000069, 0.000069
1603, 0.000074, 0.000058, 0.000056
1604, 0.000071, 0.000062, 0.000062
1605, 0.000073, 0.000056, 0.000056
1606, 0.000071, 0.000059, 0.000059
1607, 0.000072, 0.000057, 0.000057
1608, 0.000072, 0.000069, 0.000069
1609, 0.000073, 0.000058, 0.000058
1610, 0.000070, 0.000057, 0.000056
1611, 0.000069, 0.000057, 0.000057
1612, 0.000070, 0.000063, 0.000062
1613, 0.000073, 0.000059, 0.000059
1614, 0.000072, 0.000054, 0.000054
1615, 0.000071, 0.000064, 0.000065
1616, 0.000074, 0.000054, 0.000053
1617, 0.000072, 0.000078, 0.000076
1618, 0.000079, 0.000058, 0.000057
1619, 0.000072, 0.000065, 0.000065
1620, 0.000075, 0.000057, 0.000059
1621, 0.000072, 0.000067, 0.000067
1622, 0.000074, 0.000067, 0.000066
1623, 0.000076, 0.000063, 0.000064
1624, 0.000072, 0.000055, 0.000056
1625, 0.000070, 0.000061, 0.000061
1626, 0.000071, 0.000057, 0.000056
1627, 0.000070, 0.000060, 0.000062
1628, 0.000068, 0.000054, 0.000054
1629, 0.000071, 0.000058, 0.000058
1630, 0.000072, 0.000058, 0.000059
1631, 0.000069, 0.000061, 0.000059
1632, 0.000068, 0.000055, 0.000055
1633, 0.000069, 0.000061, 0.000061
1634, 0.000070, 0.000059, 0.000058
1635, 0.000069, 0.000059, 0.000058
1636, 0.000070, 0.000059, 0.000061
1637, 0.000073, 0.000063, 0.000062
1638, 0.000074, 0.000062, 0.000062
1639, 0.000070, 0.000057, 0.000057
1640, 0.000068, 0.000058, 0.000058
1641, 0.000070, 0.000056, 0.000057
1642, 0.000074, 0.000075, 0.000074
1643, 0.000071, 0.000057, 0.000058
1644, 0.000069, 0.000056, 0.000057
1645, 0.000066, 0.000057, 0.000057
1646, 0.000067, 0.000059, 0.000059
1647, 0.000069, 0.000058, 0.000058
1648, 0.000070, 0.000062, 0.000062
1649, 0.000069, 0.000054, 0.000055
1650, 0.000067, 0.000062, 0.000062
1651, 0.000068, 0.000057, 0.000058
1652, 0.000068, 0.000061, 0.000060
1653, 0.000068, 0.000056, 0.000056
1654, 0.000071, 0.000055, 0.000055
1655, 0.000068, 0.000057, 0.000057
1656, 0.000067, 0.000064, 0.000064
1657, 0.000071, 0.000066, 0.000064
1658, 0.000071, 0.000061, 0.000061
1659, 0.000070, 0.000064, 0.000063
1660, 0.000068, 0.000056, 0.000057
1661, 0.000067, 0.000062, 0.000062
1662, 0.000068, 0.000061, 0.000060
1663, 0.000066, 0.000054, 0.000055
1664, 0.000066, 0.000059, 0.000058
1665, 0.000067, 0.000054, 0.000054
1666, 0.000067, 0.000068, 0.000070
1667, 0.000071, 0.000069, 0.000070
1668, 0.000074, 0.000056, 0.000058
1669, 0.000073, 0.000072, 0.000072
1670, 0.000071, 0.000064, 0.000064
1671, 0.000076, 0.000072, 0.000073
1672, 0.000072, 0.000056, 0.000056
1673, 0.000066, 0.000058, 0.000058
1674, 0.000066, 0.000057, 0.000057
1675, 0.000066, 0.000055, 0.000055
1676, 0.000065, 0.000064, 0.000062
1677, 0.000068, 0.000057, 0.000058
1678, 0.000076, 0.000065, 0.000063
1679, 0.000074, 0.000070, 0.000069
1680, 0.000072, 0.000062, 0.000064
1681, 0.000072, 0.000067, 0.000068
1682, 0.000073, 0.000061, 0.000060
1683, 0.000070, 0.000058, 0.000057
1684, 0.000069, 0.000061, 0.000061
1685, 0.000068, 0.000063, 0.000062
1686, 0.000067, 0.000057, 0.000055
1687, 0.000067, 0.000062, 0.000062
1688, 0.000066, 0.000058, 0.000058
1689, 0.000066, 0.000059, 0.000058
1690, 0.000065, 0.000055, 0.000057
1691, 0.000067, 0.000068, 0.000066
1692, 0.000068, 0.000056, 0.000057
1693, 0.000066, 0.000057, 0.000057
1694, 0.000066, 0.000055, 0.000056
1695, 0.000065, 0.000058, 0.000058
1696, 0.000064, 0.000058, 0.000057
1697, 0.000063, 0.000057, 0.000057
1698, 0.000063, 0.000056, 0.000056
1699, 0.000064, 0.000055, 0.000055
1700, 0.000063, 0.000057, 0.000058
1701, 0.000064, 0.000059, 0.000059
1702, 0.000069, 0.000071, 0.000070
1703, 0.000072, 0.000061, 0.000063
1704, 0.000071, 0.000069, 0.000068
1705, 0.000069, 0.000063, 0.000062
1706, 0.000070, 0.000063, 0.000062
1707, 0.000066, 0.000056, 0.000056
1708, 0.000066, 0.000060, 0.000059
1709, 0.000065, 0.000066, 0.000066
1710, 0.000067, 0.000057, 0.000056
1711, 0.000065, 0.000059, 0.000059
